100 300 34 24
98 54 73 4 99 90 37 25 89 18 57 96 70 33 93 24 23 24 25 91 42 20 29 66
0 26 1
0 36 3
0 46 1
0 81 3
0 82 3
0 97 3
1 6 2
1 16 1
1 32 1
1 65 3
1 92 3
1 98 1
2 11 3
2 29 3
2 31 2
2 35 2
2 53 3
2 68 2
2 86 2
2 98 1
3 15 2
3 16 2
3 17 1
3 35 2
3 46 2
3 50 3
3 53 3
3 73 3
3 79 1
4 10 1
4 13 3
4 29 2
4 39 2
4 58 3
4 85 2
4 94 2
5 25 3
5 47 1
5 66 1
5 75 1
5 85 2
5 92 1
6 27 1
6 32 3
6 56 2
6 77 1
6 91 3
7 12 2
7 21 3
7 26 2
7 27 3
7 70 3
8 14 1
8 34 1
8 37 2
8 61 1
8 66 3
8 71 2
8 73 1
8 75 2
8 76 1
8 98 2
9 50 2
9 61 2
9 82 2
10 50 2
10 55 3
10 65 3
10 83 3
10 90 1
10 92 2
11 12 2
11 17 1
11 64 1
11 90 2
12 28 2
12 50 3
12 86 2
12 94 3
13 26 2
13 30 3
13 44 3
13 47 3
13 55 2
13 87 1
14 20 3
14 26 1
14 55 1
14 90 3
14 95 3
15 28 1
15 34 3
15 35 1
15 48 1
15 52 2
15 60 1
15 61 1
16 26 3
16 41 3
16 77 2
17 35 3
17 40 1
17 44 1
17 48 1
17 91 2
17 96 1
18 29 2
18 64 3
18 96 3
19 41 2
19 48 2
19 51 1
19 54 2
19 60 3
19 70 2
19 94 1
19 97 2
21 31 3
21 38 2
21 59 2
21 75 2
22 41 2
22 71 3
23 24 2
23 28 1
23 48 2
23 85 1
24 71 1
25 39 2
25 46 2
25 73 1
25 79 1
25 89 2
25 91 3
26 48 1
26 53 2
26 54 3
26 90 1
26 93 3
27 41 3
27 71 2
27 72 1
27 96 2
28 30 2
28 56 2
28 83 3
28 94 1
29 31 2
29 40 1
29 82 3
29 91 2
30 39 3
30 61 2
30 69 2
30 79 1
31 52 3
31 98 2
33 53 3
33 75 1
33 99 2
34 40 3
34 55 1
34 68 1
34 71 3
34 92 2
34 99 1
35 57 3
36 58 3
36 79 2
37 42 3
37 62 1
37 89 2
37 92 1
38 39 3
38 54 3
38 57 2
38 61 3
38 64 3
38 67 2
38 79 1
39 46 3
39 47 1
39 54 1
39 76 3
39 85 3
39 98 2
40 65 3
40 71 2
40 76 3
40 89 2
40 90 2
40 97 1
41 45 1
41 79 2
41 96 2
42 45 3
42 53 2
42 73 1
42 75 2
42 85 1
43 59 1
43 62 3
43 87 2
44 48 3
44 63 1
44 72 3
44 76 1
44 92 2
44 99 3
45 70 3
45 88 1
46 47 1
46 52 3
46 58 2
46 72 1
46 73 1
46 79 3
46 82 1
46 90 2
47 48 1
47 53 3
47 59 2
47 63 1
47 70 3
48 59 3
49 61 2
49 64 2
49 68 3
49 88 3
49 99 3
50 76 3
50 98 2
51 61 1
51 68 2
51 77 1
51 93 1
52 95 2
53 71 2
54 59 2
54 72 3
54 77 1
54 91 2
55 86 2
55 95 3
55 97 3
56 61 3
56 68 3
56 93 1
58 78 3
59 77 2
59 96 1
60 64 3
60 86 1
60 88 3
61 83 1
61 94 2
61 99 1
62 96 1
63 90 2
64 81 3
64 82 1
65 83 2
65 90 3
66 86 2
66 90 3
67 75 3
67 99 3
68 85 3
68 92 3
68 93 1
69 87 2
69 96 3
70 86 1
71 75 3
71 80 1
71 91 3
72 79 1
72 96 3
72 97 2
74 84 2
74 99 2
75 77 3
76 79 1
76 95 1
77 84 2
78 84 1
80 87 3
80 90 3
80 92 1
81 82 2
82 84 1
82 90 3
82 91 3
83 90 3
83 98 2
84 88 1
84 89 3
86 90 1
91 95 2
96 99 2
2 65 99
9 63 37
9 15 27
11 2 13
16 29 13
16 89 20
19 39 91
23 48 30
24 0 11
31 10 22
34 98 83
35 61 82
36 55 12
37 72 26
40 92 13
52 90 96
52 9 73
64 46 92
64 36 14
65 45 12
66 37 39
68 42 18
69 40 49
69 84 59
76 96 74
79 67 95
79 53 72
82 58 68
86 64 89
87 95 61
87 18 68
88 82 5
89 66 8
97 73 40
