100 250 43 11
2 33 99 51 94 80 40 48 76 93 38
7 72 1
7 44 6
7 46 9
7 48 6
7 49 1
72 10 6
72 88 10
72 4 8
72 0 10
26 30 8
26 80 10
26 55 9
26 59 10
26 33 5
30 79 9
30 42 13
30 23 12
30 11 8
90 97 10
90 58 13
90 80 3
90 84 7
90 34 1
97 80 8
97 71 4
97 33 3
97 53 4
15 39 6
15 25 8
15 50 2
15 27 6
15 76 2
39 9 1
39 52 13
39 61 9
39 95 8
82 93 8
82 99 2
82 80 8
82 69 11
82 78 1
93 10 12
93 99 4
93 86 12
93 35 5
47 71 1
47 61 13
47 8 5
47 32 8
47 76 7
71 83 9
71 3 10
71 6 1
63 89 2
63 29 3
63 86 11
63 70 11
63 12 4
89 2 12
89 28 8
89 45 10
89 22 3
0 51 12
0 87 1
0 94 7
0 79 2
51 75 5
51 31 3
51 84 1
51 19 13
23 25 1
23 70 11
23 66 5
23 21 13
25 42 4
25 92 5
25 58 11
40 41 5
40 43 6
40 10 7
40 86 12
40 38 11
41 83 3
41 87 12
41 50 10
41 3 9
11 69 1
11 16 4
11 1 3
11 49 5
69 78 12
69 55 2
69 38 8
75 81 9
75 92 10
75 32 2
75 1 5
81 24 9
81 6 8
81 83 7
81 56 6
58 95 5
58 87 13
58 56 10
95 20 10
95 60 11
95 92 7
20 56 6
20 42 5
20 65 9
20 96 13
56 66 13
56 13 10
12 43 10
12 88 10
12 55 10
12 64 8
43 21 4
43 13 1
43 37 12
87 61 1
87 70 9
3 49 13
3 73 4
3 57 1
49 96 13
49 2 8
24 99 7
24 27 6
24 54 9
24 22 10
4 57 10
4 32 8
4 50 6
4 77 12
57 19 5
57 36 12
57 60 10
21 73 7
21 35 13
21 53 10
73 17 2
73 35 7
73 67 10
67 70 8
67 62 8
67 48 12
67 94 2
70 33 1
99 84 4
99 60 10
8 48 5
8 52 3
8 29 8
8 16 10
48 45 11
48 62 2
1 42 11
1 74 12
1 84 13
42 84 3
10 45 6
10 33 3
45 94 10
45 53 11
54 79 13
54 2 3
54 85 13
54 28 2
79 98 2
79 77 6
19 86 9
19 44 9
19 28 4
94 5 6
94 91 7
17 78 6
17 14 6
17 59 5
17 18 3
78 34 2
78 91 11
16 80 4
16 55 3
16 68 5
46 68 7
46 92 7
46 6 10
46 60 11
68 64 1
68 28 1
68 52 10
32 31 13
32 18 7
5 60 13
5 9 12
5 91 1
5 2 6
35 74 8
35 61 7
74 65 5
74 76 1
74 64 9
92 66 4
50 65 13
50 85 12
62 28 7
62 22 10
62 98 11
36 6 8
36 34 8
36 22 3
36 44 7
2 37 5
34 53 6
34 55 9
14 13 11
14 76 2
14 77 4
14 27 1
6 52 1
52 38 10
31 83 8
31 29 13
31 85 12
29 86 2
29 44 5
83 88 7
33 44 12
53 66 3
66 98 10
13 85 3
13 96 8
85 37 3
96 77 10
96 88 9
37 27 11
37 91 12
77 18 8
64 18 5
64 65 12
65 98 13
22 38 7
61 98 9
9 59 7
9 91 10
9 38 13
76 59 1
88 59 9
18 27 6
1 39 76
2 31 47
4 70 58
6 87 89
10 45 3
11 96 22
11 15 19
19 47 41
24 59 25
32 40 36
33 53 14
37 38 48
38 73 25
38 82 83
42 49 22
43 46 93
43 4 51
45 22 0
46 29 1
47 86 74
54 72 82
55 81 15
60 10 35
60 37 0
62 97 65
65 44 67
66 67 64
66 64 84
67 13 70
71 63 40
71 89 38
72 95 94
74 52 6
76 84 27
78 2 90
78 33 56
82 56 58
88 32 39
90 24 43
91 90 95
92 5 44
93 80 21
100 27 53
