100 1008 29 11
51 69 55 90 34 74 68 32 97 98 94
0 2 5
0 5 1
0 12 5
0 20 10
0 23 4
0 25 2
0 26 5
0 35 1
0 52 2
0 62 1
0 79 3
0 85 13
0 94 3
0 96 1
1 4 9
1 5 9
1 6 13
1 9 2
1 12 1
1 17 4
1 19 13
1 21 9
1 23 13
1 25 9
1 32 13
1 33 2
1 37 4
1 39 1
1 41 10
1 44 2
1 56 1
1 60 13
1 63 9
1 64 12
1 76 9
1 77 11
1 83 8
1 87 11
1 96 8
2 3 7
2 6 2
2 13 9
2 26 3
2 27 1
2 32 12
2 37 9
2 43 3
2 45 10
2 47 12
2 50 11
2 59 11
2 60 12
2 64 7
2 69 6
2 70 10
2 78 7
2 86 8
2 88 8
2 89 10
2 90 6
2 92 4
3 8 12
3 10 1
3 12 6
3 16 3
3 28 11
3 33 8
3 38 6
3 40 6
3 42 3
3 51 7
3 62 11
3 66 12
3 70 4
3 83 12
3 91 10
3 99 7
4 14 7
4 24 11
4 28 13
4 34 3
4 42 2
4 43 10
4 54 9
4 58 13
4 59 1
4 67 8
4 77 14
4 78 4
4 80 11
4 87 10
5 11 7
5 12 10
5 18 9
5 23 8
5 27 3
5 29 1
5 30 5
5 32 10
5 33 5
5 37 9
5 38 13
5 40 14
5 46 6
5 54 13
5 59 7
5 60 1
5 64 11
5 67 11
5 68 3
5 74 1
5 80 7
5 94 7
6 7 8
6 10 7
6 18 14
6 21 2
6 32 4
6 33 5
6 36 10
6 38 7
6 39 3
6 40 6
6 48 1
6 51 9
6 58 3
6 62 10
6 71 3
6 74 4
6 75 13
6 77 6
6 81 13
6 89 9
7 9 2
7 10 2
7 37 8
7 41 14
7 44 5
7 45 4
7 48 13
7 52 9
7 55 1
7 57 3
7 58 9
7 61 7
7 70 5
7 71 5
7 72 13
7 73 13
7 82 14
7 83 1
7 90 3
7 92 4
7 93 13
7 96 6
7 99 6
8 16 12
8 18 13
8 25 10
8 27 4
8 44 8
8 51 9
8 53 4
8 56 14
8 59 7
8 62 13
8 64 9
8 65 7
8 70 8
8 72 13
8 76 8
8 83 4
8 88 5
8 90 14
9 16 13
9 20 1
9 32 1
9 33 6
9 42 14
9 52 13
9 54 14
9 55 1
9 62 1
9 65 5
9 70 3
9 71 13
9 77 11
9 78 5
9 79 3
9 82 9
9 83 1
9 90 2
9 93 10
9 95 3
9 96 2
10 12 3
10 18 14
10 35 5
10 37 10
10 44 6
10 57 7
10 61 5
10 76 2
10 77 2
10 84 6
10 85 3
10 88 8
10 92 9
10 95 7
11 14 3
11 18 12
11 25 3
11 26 2
11 29 8
11 33 7
11 37 2
11 45 11
11 53 5
11 55 4
11 56 5
11 59 4
11 74 13
11 77 11
11 88 4
12 16 9
12 19 10
12 25 13
12 31 4
12 37 9
12 39 7
12 49 4
12 50 11
12 51 3
12 54 7
12 66 14
12 69 1
12 76 14
12 77 5
12 79 9
12 83 4
12 87 9
12 90 12
12 93 2
12 94 3
13 16 2
13 23 2
13 24 1
13 35 4
13 46 11
13 48 11
13 51 8
13 64 4
13 66 3
13 67 4
13 86 5
13 94 11
13 97 1
13 98 4
14 21 8
14 24 8
14 34 12
14 41 10
14 49 4
14 60 2
14 64 6
14 67 11
14 74 6
14 93 13
14 98 10
15 20 10
15 21 3
15 24 12
15 30 1
15 33 13
15 35 5
15 38 13
15 43 1
15 44 3
15 60 4
15 61 11
15 67 5
15 83 8
15 84 4
15 90 2
15 94 13
15 97 6
15 98 12
15 99 3
16 18 3
16 22 12
16 23 12
16 30 4
16 31 5
16 33 14
16 35 6
16 41 12
16 50 8
16 62 5
16 66 3
16 69 8
16 81 3
16 85 3
16 88 4
16 90 5
16 92 12
16 98 12
17 24 7
17 45 7
17 46 6
17 47 10
17 57 2
17 59 7
17 69 11
17 74 1
17 75 13
17 78 8
17 79 4
17 80 11
17 82 13
17 88 13
17 95 11
18 21 6
18 23 2
18 28 12
18 29 13
18 32 4
18 44 5
18 48 11
18 49 1
18 53 1
18 54 7
18 57 12
18 79 12
18 84 10
18 87 5
19 22 5
19 23 5
19 31 13
19 43 4
19 56 10
19 62 1
19 73 14
19 74 8
19 75 12
19 82 3
19 85 14
19 89 10
19 90 12
19 95 10
20 21 13
20 22 1
20 24 11
20 28 14
20 39 12
20 40 3
20 41 12
20 43 10
20 44 12
20 46 2
20 49 8
20 50 6
20 51 3
20 58 11
20 59 3
20 60 5
20 61 3
20 63 14
20 64 14
20 66 10
20 70 2
20 74 6
20 75 1
20 76 5
20 83 3
20 94 5
20 95 13
21 26 1
21 27 10
21 28 5
21 33 13
21 35 2
21 36 6
21 42 12
21 44 7
21 54 4
21 65 12
21 66 10
21 76 4
21 78 9
21 81 1
21 86 13
22 41 1
22 44 14
22 47 10
22 52 10
22 54 13
22 60 10
22 64 8
22 66 5
22 71 13
22 76 9
22 77 10
22 82 14
22 91 10
22 98 11
23 25 3
23 27 12
23 28 8
23 37 13
23 39 12
23 43 2
23 49 2
23 52 5
23 56 4
23 62 14
23 73 13
23 74 9
23 76 4
23 85 1
23 87 1
23 91 3
23 98 4
24 32 6
24 35 10
24 37 3
24 38 11
24 49 10
24 58 7
24 68 5
24 71 14
24 72 4
24 76 4
24 77 4
24 80 3
24 93 8
25 32 1
25 34 4
25 43 5
25 56 1
25 65 14
25 73 7
25 74 4
25 82 5
25 85 14
25 96 14
25 99 6
26 33 8
26 41 5
26 46 3
26 52 11
26 53 14
26 57 1
26 63 1
26 66 11
26 71 10
26 72 2
26 74 6
26 83 1
26 86 11
26 87 2
26 88 6
26 92 3
27 34 13
27 39 5
27 42 8
27 46 7
27 52 5
27 70 4
27 75 8
27 82 9
27 83 6
27 86 4
27 89 11
27 96 8
28 29 12
28 31 5
28 37 11
28 40 6
28 43 4
28 44 13
28 50 3
28 61 2
28 64 6
28 72 13
28 73 4
28 74 9
28 77 2
28 85 12
28 87 7
28 88 1
28 95 4
29 32 1
29 50 12
29 52 2
29 55 11
29 65 14
29 76 2
29 78 6
29 83 8
29 85 13
29 88 8
29 95 7
29 96 10
30 42 1
30 46 2
30 47 11
30 49 14
30 55 9
30 56 8
30 69 10
30 70 7
30 73 7
30 75 11
30 81 14
30 82 9
30 83 11
30 84 5
30 90 6
30 99 5
31 41 5
31 43 5
31 50 7
31 52 8
31 57 4
31 62 13
31 66 7
31 74 14
31 83 13
31 90 14
32 33 13
32 37 5
32 44 12
32 45 11
32 47 14
32 53 13
32 57 14
32 62 14
32 63 2
32 64 4
32 75 9
32 80 11
32 87 5
32 89 7
32 91 6
32 94 13
32 98 9
33 35 6
33 55 6
33 60 2
33 61 1
33 63 1
33 64 8
33 66 14
33 83 10
33 89 1
33 91 13
34 58 4
34 62 10
34 64 5
34 68 7
34 76 11
34 77 1
34 79 10
34 86 8
34 91 7
34 95 10
34 96 13
35 36 9
35 41 3
35 45 9
35 46 4
35 50 2
35 54 3
35 56 1
35 66 10
35 70 12
35 82 3
35 90 8
35 93 2
35 98 7
35 99 9
36 39 11
36 43 2
36 44 3
36 48 11
36 53 7
36 55 7
36 58 7
36 74 2
36 84 1
36 89 1
36 90 9
36 92 13
36 96 3
36 97 9
37 43 3
37 44 9
37 50 9
37 58 11
37 64 11
37 72 7
37 74 4
37 77 2
37 78 3
37 88 7
37 89 6
37 93 5
37 94 1
37 98 9
37 99 6
38 39 2
38 41 5
38 51 1
38 56 14
38 67 7
38 69 11
38 71 10
38 74 9
38 83 3
38 84 1
38 90 10
38 94 1
38 96 3
38 97 2
38 99 1
39 42 4
39 51 3
39 57 6
39 71 11
39 82 5
39 88 1
39 96 3
40 46 8
40 47 2
40 49 2
40 50 3
40 53 1
40 55 13
40 56 7
40 60 5
40 80 14
40 85 4
40 87 5
40 93 5
40 96 2
41 43 1
41 45 12
41 49 11
41 56 14
41 62 2
41 65 10
41 75 2
41 92 1
42 50 1
42 58 6
42 59 11
42 62 4
42 64 9
42 66 3
42 68 1
42 71 5
42 72 8
42 79 5
42 87 9
42 88 2
42 90 3
42 95 6
42 96 13
42 97 13
42 98 7
43 66 11
43 68 1
43 73 5
43 82 7
43 83 11
43 98 6
44 46 7
44 47 11
44 56 5
44 58 5
44 63 9
44 65 4
44 66 1
44 69 14
44 71 14
44 72 11
44 74 9
44 76 1
44 77 11
44 84 6
44 86 12
44 87 7
44 89 6
44 98 5
45 46 2
45 48 7
45 53 12
45 56 6
45 62 11
45 63 9
45 65 3
45 70 10
45 74 5
45 76 12
45 86 12
45 93 14
45 96 5
45 98 3
45 99 11
46 53 3
46 61 6
46 63 1
46 74 14
46 80 3
46 84 4
46 85 10
46 87 9
46 88 12
46 90 11
46 93 13
47 48 7
47 53 1
47 56 12
47 58 8
47 59 2
47 62 10
47 64 6
47 71 3
47 76 13
47 85 5
47 94 8
47 98 2
48 57 4
48 68 9
48 69 12
48 80 7
48 82 4
48 87 14
48 89 8
48 97 8
49 50 9
49 51 8
49 73 1
49 75 2
49 78 11
49 88 14
49 89 9
49 92 12
49 94 11
49 98 12
50 57 7
50 66 6
50 71 2
50 75 10
50 81 8
50 83 8
50 94 12
50 96 6
51 57 8
51 77 2
51 81 5
51 86 8
51 87 1
51 89 2
51 96 4
52 57 10
52 61 9
52 70 5
52 72 11
52 75 6
52 84 14
52 87 7
52 93 14
53 66 10
53 68 1
53 70 4
53 72 6
53 79 11
53 84 8
53 85 7
53 90 14
53 92 10
53 94 12
53 99 4
54 58 12
54 61 10
54 65 2
54 77 2
54 80 10
54 81 3
54 82 6
54 87 7
54 90 14
54 95 4
54 98 11
55 59 2
55 60 3
55 63 11
55 72 12
55 73 12
55 77 12
55 79 4
55 90 4
55 92 7
56 58 12
56 60 4
56 61 11
56 73 14
56 83 14
56 87 5
56 90 4
57 58 6
57 60 9
57 63 9
57 72 4
57 81 11
57 82 6
57 87 10
58 65 12
58 67 4
58 71 8
58 72 3
58 76 4
58 80 12
58 86 13
58 90 6
59 73 11
59 77 3
59 80 13
59 86 3
59 93 8
59 96 14
59 97 11
60 65 13
60 73 12
60 74 10
60 75 2
60 76 12
60 79 14
60 83 12
60 93 3
60 96 4
61 63 5
61 68 14
61 72 6
61 74 1
61 77 11
61 87 3
61 97 8
62 68 7
62 69 4
62 71 7
62 72 1
62 73 13
62 79 14
62 82 13
62 83 14
62 89 1
63 65 6
63 69 13
63 75 3
63 78 12
63 88 5
63 91 7
63 96 10
64 65 12
64 71 3
64 84 6
64 91 1
64 92 11
64 94 7
64 98 4
64 99 3
65 70 4
65 76 4
65 79 11
65 86 11
65 98 11
66 67 11
66 70 9
66 76 11
66 84 12
66 88 12
67 71 14
67 79 13
67 85 1
67 88 3
67 89 2
67 93 7
67 97 13
67 98 3
68 70 3
68 76 1
68 77 14
68 78 1
68 80 3
68 88 7
68 94 5
69 75 6
69 80 11
69 90 3
69 93 2
70 71 6
70 76 2
70 85 9
70 86 11
70 88 12
70 93 10
71 72 12
71 76 11
71 77 12
71 81 10
71 84 2
71 87 6
71 90 3
71 94 5
72 73 9
72 79 9
72 94 5
72 95 9
73 79 10
73 80 4
73 82 5
73 85 9
73 86 5
73 88 8
73 90 10
73 93 14
74 77 10
74 80 13
74 93 14
74 97 8
74 99 8
75 77 1
75 89 2
75 93 3
75 95 6
76 77 7
76 81 6
76 84 11
76 85 8
76 90 13
76 94 14
76 97 5
77 80 9
77 82 8
77 91 1
78 82 9
79 80 1
79 81 7
79 85 10
79 86 4
79 93 5
79 95 13
79 96 11
80 83 6
80 84 11
80 85 6
80 95 5
80 96 7
80 98 6
81 83 9
81 95 9
82 83 1
82 87 7
82 88 10
82 90 9
83 84 10
83 85 3
83 86 5
83 90 11
83 93 5
83 97 11
84 90 8
84 94 7
85 89 13
85 96 14
85 99 12
86 87 8
86 88 12
86 90 9
86 91 7
86 98 3
87 93 1
87 95 8
87 96 12
87 98 1
88 90 3
88 97 5
88 99 10
89 92 12
89 95 14
89 97 11
89 99 9
90 93 4
90 98 6
91 94 5
91 95 3
92 94 1
92 95 11
93 97 2
94 95 12
94 97 10
94 99 12
95 96 3
97 98 6
97 99 13
98 99 7
1 90 83
4 45 59
4 18 72
6 42 5
14 35 65
14 73 23
16 2 63
16 31 35
18 51 40
21 43 75
27 9 61
31 44 82
32 98 53
35 68 59
38 97 56
42 64 77
46 19 63
50 11 65
50 3 85
58 50 29
60 54 67
64 70 79
66 67 54
74 75 79
79 29 59
81 59 74
83 92 12
96 74 4
99 91 59
