1000 1500 58 20
511 956 283 538 172 393 771 329 666 971 337 178 450 56 195 144 734 193 406 913
538 727 9
538 264 7
538 878 14
727 677 11
727 829 7
200 997 10
200 578 3
200 702 3
997 721 11
997 416 13
207 856 13
207 318 8
207 950 5
856 311 12
856 107 7
1 342 9
1 260 13
1 749 9
342 195 13
342 125 5
646 754 4
646 398 13
646 907 2
754 902 2
754 683 11
290 890 6
290 573 10
290 823 1
890 298 2
890 9 2
229 731 7
229 339 2
229 185 9
731 693 2
731 196 6
726 783 14
726 190 2
726 420 3
783 828 1
783 693 9
295 676 8
295 253 12
295 186 14
676 795 1
676 816 12
121 789 5
121 12 4
121 813 8
789 192 10
789 487 9
367 701 10
367 710 12
367 909 12
701 787 5
701 755 14
568 691 6
568 650 2
568 790 11
691 130 8
691 759 14
83 533 11
83 931 6
83 617 3
533 606 12
533 262 3
294 487 2
294 332 12
294 56 3
487 599 3
213 499 13
213 778 4
213 873 7
499 21 4
499 642 3
72 523 8
72 718 12
72 798 10
523 740 1
523 616 7
312 621 7
312 882 5
312 36 10
621 439 7
621 472 1
426 643 1
426 534 4
426 714 7
643 44 6
643 604 12
71 415 10
71 374 14
71 777 10
415 656 2
415 496 7
56 515 13
56 116 14
515 358 7
515 694 1
41 801 3
41 848 10
41 684 14
801 105 6
801 637 1
274 774 11
274 623 9
274 65 4
774 809 11
774 20 6
660 666 11
660 532 7
660 858 12
666 758 4
666 51 2
366 597 11
366 781 3
366 598 4
597 825 11
597 547 9
39 202 12
39 353 7
39 655 12
202 486 11
202 211 10
181 960 11
181 409 1
181 50 4
960 949 4
960 718 12
405 970 14
405 525 3
405 560 14
970 474 4
970 946 5
534 855 11
534 266 7
855 299 13
855 959 1
354 479 8
354 120 13
354 641 8
479 837 8
479 814 10
319 372 13
319 903 11
319 191 5
372 38 14
372 263 2
594 985 6
594 420 14
594 584 14
985 624 5
985 629 7
561 808 1
561 819 5
561 917 9
808 278 2
808 404 8
795 600 10
795 729 12
452 901 13
452 603 2
452 97 5
901 558 12
901 288 1
195 489 13
195 954 9
247 389 7
247 824 12
247 23 3
389 706 10
389 431 2
87 925 7
87 291 13
87 47 14
925 975 3
925 158 8
490 784 11
490 845 10
490 383 12
784 67 9
784 866 2
462 951 11
462 645 12
462 948 4
951 659 10
951 19 9
578 492 1
578 687 4
63 689 12
63 95 7
63 780 4
689 644 13
689 692 12
546 806 11
546 239 9
546 751 5
806 640 2
806 77 5
156 471 4
156 391 2
156 567 12
471 761 14
471 788 12
722 739 1
722 592 13
722 769 8
739 706 6
739 576 13
309 341 4
309 222 7
309 567 10
341 972 5
341 285 5
140 383 5
140 730 10
140 167 13
383 143 10
38 283 14
38 586 9
425 552 8
425 205 11
425 857 4
552 113 7
552 457 9
831 911 8
831 152 5
831 702 7
911 810 8
911 262 14
223 417 4
223 603 10
223 837 5
417 91 8
417 652 14
115 326 12
115 401 4
115 864 14
326 512 3
326 11 13
8 120 10
8 104 14
8 317 12
120 397 2
492 562 7
492 871 3
11 125 5
11 959 14
125 175 12
618 803 12
618 761 1
618 219 2
803 659 1
803 305 11
463 520 14
463 752 9
463 601 7
520 871 3
520 36 3
895 931 14
895 413 11
895 782 6
931 232 13
92 464 10
92 457 8
92 711 10
464 17 4
464 522 9
206 449 8
206 410 13
206 214 7
449 347 1
449 243 14
794 885 8
794 212 1
794 965 11
885 51 3
885 473 6
323 625 12
323 880 3
323 809 4
625 529 9
625 446 12
212 246 8
212 173 5
504 673 5
504 360 3
504 792 8
673 651 6
673 168 6
839 892 13
839 392 1
839 271 4
892 765 10
892 377 11
59 817 7
59 447 4
59 870 7
817 424 1
817 683 3
329 412 9
329 95 1
329 453 6
412 527 4
412 814 11
173 393 9
173 414 6
393 308 2
393 924 12
761 445 2
45 244 6
45 790 3
45 186 5
244 444 13
244 577 13
645 797 10
645 37 7
797 427 2
797 571 13
369 713 9
369 30 12
369 314 9
713 126 1
713 950 4
175 619 4
175 164 10
619 81 7
619 315 12
73 571 12
73 117 11
73 712 10
571 687 10
275 297 5
275 909 2
275 243 14
297 233 5
297 572 3
108 565 5
108 110 3
108 846 13
565 357 5
565 397 9
603 190 5
190 66 9
222 406 6
222 209 8
406 337 7
406 68 4
324 948 10
324 98 10
324 705 10
948 590 12
526 674 11
526 304 11
526 771 5
674 989 7
674 647 5
264 408 5
264 887 8
408 93 13
408 518 3
256 404 4
256 370 14
256 428 8
404 0 11
26 881 1
26 609 1
26 280 8
881 470 9
881 283 9
143 466 8
143 339 9
6 414 4
6 782 11
6 579 9
414 242 12
746 798 11
746 344 1
746 60 11
798 776 4
766 776 9
766 955 2
766 105 11
776 872 13
176 682 14
176 952 7
176 969 12
682 728 8
682 914 10
880 966 12
880 742 13
629 923 13
629 898 5
923 613 13
923 40 1
277 355 10
277 368 5
277 781 7
355 161 11
355 27 14
337 600 7
337 986 2
409 511 10
409 991 14
511 293 14
511 348 4
601 681 6
601 96 4
681 273 1
681 848 8
659 628 7
413 230 13
413 876 7
706 403 2
752 721 13
752 610 13
36 270 12
270 672 9
270 953 7
22 106 13
22 524 3
22 5 11
106 710 2
106 459 7
364 480 1
364 288 3
364 716 2
480 484 4
480 82 8
81 686 12
81 506 4
686 963 11
686 384 2
187 704 5
187 320 7
187 672 7
704 436 11
704 848 14
268 512 12
268 841 11
268 513 1
512 975 12
85 656 12
85 570 14
85 961 12
656 606 11
27 306 8
27 854 1
306 334 12
306 820 13
301 317 11
301 447 11
301 580 7
317 587 12
5 812 1
5 710 5
812 55 6
812 894 2
549 647 3
549 165 2
549 719 10
647 609 13
152 536 9
152 137 2
149 942 11
149 592 2
149 246 2
942 357 8
942 421 8
696 702 11
696 24 1
696 972 8
429 587 10
429 887 8
429 292 8
587 34 14
582 680 6
582 114 14
582 920 13
680 356 7
680 553 12
13 300 9
13 388 12
13 62 13
300 197 8
300 663 14
77 693 8
77 34 4
93 940 14
93 868 1
640 382 7
640 67 13
123 516 12
123 575 11
123 976 3
516 944 4
516 968 7
322 762 2
322 937 1
322 708 2
762 269 5
762 802 4
687 768 11
292 330 3
292 230 8
330 370 7
330 65 6
102 349 8
102 154 1
102 709 11
349 736 12
349 630 5
507 663 14
507 874 12
507 782 5
663 827 4
267 273 13
267 249 5
267 865 11
273 32 7
397 648 14
648 712 11
648 944 7
335 556 9
335 209 5
335 431 1
556 287 12
556 871 2
245 928 12
245 984 9
245 626 9
928 786 9
928 483 11
126 562 13
126 395 14
562 544 9
43 793 14
43 226 8
43 735 12
793 399 1
793 228 13
248 933 4
248 437 7
248 310 1
933 878 3
933 630 3
289 296 1
289 714 3
289 281 2
296 485 1
296 994 7
567 655 2
655 927 9
411 816 12
411 401 7
411 638 14
816 699 11
227 995 4
227 314 2
227 903 2
995 777 13
995 434 6
65 179 9
179 547 8
179 473 2
489 772 3
489 982 11
772 418 8
772 148 12
849 898 9
849 943 7
849 969 5
898 365 8
518 853 10
518 542 12
392 631 7
392 131 1
177 356 11
177 436 6
177 519 7
356 486 4
524 729 10
524 119 2
729 25 10
613 345 2
613 457 9
53 555 2
53 155 14
53 763 10
555 272 2
555 398 13
572 891 8
572 707 10
891 810 14
891 170 2
438 662 2
438 637 3
438 251 4
662 771 11
662 947 8
283 930 8
529 929 3
529 581 3
929 236 14
929 780 11
630 832 1
832 331 2
832 10 9
395 25 6
395 573 9
505 837 9
505 763 11
505 694 12
878 332 6
82 325 14
82 922 2
325 622 3
325 908 8
678 764 2
678 975 11
678 259 14
764 203 5
764 614 9
447 868 6
868 833 13
23 949 5
23 279 8
949 884 12
146 382 3
146 902 2
146 231 6
382 773 6
570 938 3
570 823 1
938 589 2
938 606 1
357 503 6
474 779 2
474 48 1
178 828 9
178 833 10
178 316 4
828 736 12
15 47 13
15 927 9
15 344 3
47 669 3
76 142 12
76 956 14
76 857 2
142 996 5
142 800 12
388 756 11
388 407 7
66 214 7
66 826 13
214 569 6
843 845 7
843 541 5
843 240 8
845 955 12
147 467 12
147 193 13
147 494 5
467 937 7
467 101 13
642 675 3
642 49 13
675 635 4
675 991 7
644 864 2
644 551 13
864 468 7
944 620 4
130 271 11
130 299 5
271 866 11
141 658 6
141 750 7
141 17 11
658 909 13
658 461 9
159 563 12
159 633 13
159 70 12
563 110 13
563 958 6
927 98 11
398 579 2
579 129 9
237 747 4
237 280 6
237 910 8
747 695 5
747 807 11
99 139 7
99 54 8
99 577 14
139 916 14
139 537 6
437 921 10
437 695 12
921 612 5
921 574 4
51 135 12
44 697 13
44 830 13
697 174 10
697 216 7
684 914 7
684 834 9
914 172 5
79 166 3
79 254 12
79 792 3
166 671 11
166 719 3
260 851 12
260 707 4
851 560 3
851 255 7
246 544 14
544 376 2
672 517 9
623 939 8
623 999 13
939 483 2
939 528 5
436 488 2
313 899 8
313 583 4
313 527 6
899 199 8
899 221 12
55 338 5
55 671 13
338 577 7
338 989 8
707 340 8
536 813 2
536 994 8
465 767 3
465 217 3
465 859 8
767 528 3
767 448 11
167 930 6
167 599 1
930 977 14
435 595 8
435 361 14
435 257 7
595 122 9
595 825 3
293 495 13
293 530 7
124 968 7
124 709 4
124 279 8
968 216 11
253 90 3
253 677 4
545 732 13
545 363 5
545 836 8
732 114 11
732 3 7
472 519 9
472 838 4
519 208 12
69 394 13
69 75 12
69 310 10
394 135 3
394 822 9
304 912 7
304 943 2
548 886 5
548 442 6
548 983 3
886 639 5
886 311 2
775 785 7
775 977 1
775 716 8
785 291 14
785 700 11
332 194 1
612 907 4
612 750 1
907 988 12
257 450 10
257 998 6
450 263 9
450 346 10
912 32 3
912 371 1
351 615 3
351 957 11
351 205 6
615 616 5
615 54 4
685 869 5
685 634 3
685 19 9
869 220 14
869 971 1
68 261 7
68 652 9
328 860 3
328 9 5
328 57 5
860 605 6
860 924 11
265 920 11
265 235 7
265 564 5
920 889 11
54 171 5
814 870 2
870 981 13
485 551 3
485 298 2
551 768 5
151 934 10
151 118 14
151 633 5
934 494 13
934 922 9
796 821 9
796 805 8
796 67 5
821 259 6
821 804 6
424 540 14
424 272 8
540 586 6
540 217 5
602 992 6
602 100 2
602 419 7
992 963 5
992 840 2
136 402 13
136 307 7
136 699 1
402 104 12
402 844 10
258 773 11
258 432 8
258 97 8
773 581 3
30 500 8
30 466 6
500 636 3
500 225 4
757 865 10
757 728 5
757 303 5
865 321 11
786 972 3
786 204 5
560 145 10
525 744 4
525 510 4
744 379 11
744 497 3
318 113 11
318 348 3
105 307 7
307 748 2
346 778 7
346 574 10
778 276 8
226 453 3
226 649 11
453 400 7
955 740 2
254 698 4
254 225 2
288 340 12
967 981 13
967 581 6
967 788 7
981 78 5
154 958 13
154 652 13
958 192 12
155 514 4
155 760 8
514 345 6
514 491 14
157 703 7
157 376 2
157 510 6
703 896 1
703 661 12
517 902 5
517 501 14
375 818 14
375 188 10
375 61 9
818 852 3
818 585 13
501 634 12
501 118 9
634 980 9
905 983 12
905 423 11
905 550 7
983 900 2
714 241 9
528 966 11
89 131 5
89 454 4
89 835 6
131 626 11
553 608 9
553 730 9
441 884 14
441 18 8
441 183 14
884 286 4
230 116 12
331 584 13
331 717 3
700 964 2
700 321 10
964 169 8
964 799 14
502 979 13
502 168 10
502 877 14
979 478 13
979 219 10
50 217 1
50 509 6
943 194 10
590 559 2
590 391 13
90 454 12
90 822 4
862 998 6
862 583 12
862 218 12
998 448 14
208 919 3
208 269 4
919 189 9
919 386 14
255 769 6
255 363 3
887 493 11
344 932 11
873 900 1
873 199 12
900 374 6
521 826 12
521 974 6
521 57 1
826 203 5
31 733 13
31 2 10
31 228 1
733 759 8
733 486 8
164 588 1
164 284 12
588 741 14
588 668 8
380 478 12
380 422 12
380 956 3
478 495 2
599 111 5
333 482 10
333 564 12
333 557 13
482 334 9
482 987 10
650 894 13
650 609 9
111 554 3
111 186 12
554 336 11
554 888 9
269 305 1
607 906 6
607 320 14
607 791 2
906 469 8
906 310 12
320 180 14
423 973 3
423 456 6
374 743 8
303 760 5
303 350 13
760 184 10
448 172 7
172 575 1
345 451 13
636 827 8
636 10 11
738 953 6
738 210 5
738 962 5
953 107 13
347 543 5
347 913 1
543 42 13
543 184 10
135 243 3
334 460 5
460 400 8
460 446 7
362 558 2
362 748 14
362 959 2
558 308 10
557 617 6
557 935 7
617 196 4
49 592 6
49 359 11
740 193 4
194 421 1
421 716 5
671 913 14
824 853 6
824 991 2
853 879 10
137 996 13
137 33 12
608 820 2
608 936 8
820 251 1
127 138 5
127 445 9
127 144 5
138 263 5
138 600 12
95 668 1
7 343 10
7 91 6
7 522 1
343 770 11
343 363 3
25 742 13
742 737 5
327 698 8
327 33 4
327 771 11
698 158 8
627 847 7
627 781 7
627 980 12
847 198 9
847 977 1
163 712 4
163 241 5
163 298 7
118 75 11
813 758 2
199 575 11
965 61 11
965 234 8
651 916 1
651 531 13
916 14 2
422 661 4
422 340 11
42 875 7
42 842 4
723 941 9
723 285 13
723 842 9
941 387 2
941 218 11
197 236 1
197 692 10
180 513 11
180 88 1
513 266 9
432 715 13
432 262 5
35 503 6
35 653 2
35 591 14
503 94 4
209 576 14
576 170 8
391 961 4
961 903 2
196 493 9
493 132 1
966 476 5
161 857 8
161 210 6
580 604 13
580 937 11
604 653 7
235 978 8
235 4 3
978 475 2
978 469 10
470 971 1
470 838 4
117 205 2
117 559 1
661 373 1
443 455 9
443 735 10
443 376 5
455 569 5
455 150 11
299 400 10
33 188 5
91 491 13
86 976 10
86 221 1
86 926 5
976 191 3
664 724 13
664 477 1
664 74 6
724 119 10
724 863 13
830 815 9
830 799 14
266 829 1
718 987 11
736 390 11
182 427 13
182 628 7
182 840 1
427 893 9
963 224 12
150 215 4
150 189 3
215 498 9
215 434 13
220 539 2
220 112 2
539 935 3
539 861 3
3 690 8
3 759 9
690 962 9
690 688 8
250 418 13
250 251 14
250 957 9
418 531 10
261 610 11
261 756 11
62 632 12
62 46 5
632 224 9
632 171 10
708 734 13
708 385 7
667 971 2
667 573 12
667 170 9
12 631 4
12 477 12
631 370 3
365 239 4
365 34 13
17 193 9
874 537 2
874 638 11
420 198 12
809 863 9
360 446 14
360 988 9
48 854 9
48 725 14
854 278 14
639 348 3
639 80 11
484 64 4
484 720 6
107 122 6
122 620 13
454 840 3
445 238 7
158 358 9
835 946 9
835 917 8
946 9 10
537 670 2
133 381 3
133 715 12
133 583 11
381 802 12
381 384 5
598 889 14
598 751 4
889 589 14
21 585 5
21 4 4
585 368 6
456 805 12
456 352 3
805 542 14
387 791 10
387 379 12
791 459 10
973 950 1
973 132 2
225 709 2
481 834 6
481 559 6
481 84 9
834 192 7
996 458 7
203 32 4
477 239 9
128 279 3
128 566 12
128 506 10
653 628 3
119 201 9
922 999 14
605 883 1
605 935 10
883 918 13
883 596 9
468 994 5
468 101 11
896 259 14
896 867 13
339 986 7
802 498 4
2 240 4
2 174 6
962 665 5
494 879 13
879 144 8
291 988 11
586 745 14
96 875 3
96 114 10
875 765 4
444 4 11
444 396 5
210 302 2
302 440 12
302 276 1
228 765 1
616 0 1
280 403 1
403 40 9
129 908 3
129 14 7
908 70 14
957 249 6
838 735 5
75 109 7
431 593 10
384 990 13
990 148 2
990 407 1
97 637 4
461 800 14
461 112 10
800 852 14
191 211 13
285 758 5
763 183 3
284 386 14
284 160 9
386 442 1
842 416 5
350 825 3
350 683 14
24 956 6
24 29 6
379 218 10
790 872 3
872 846 8
753 841 7
753 863 14
753 204 10
841 945 10
633 28 4
160 183 4
160 238 13
94 70 1
94 926 11
240 113 10
547 993 6
103 737 9
103 451 5
103 695 13
737 657 9
780 836 9
836 242 14
442 428 10
224 315 7
433 728 4
433 770 3
433 475 2
278 276 1
980 368 4
473 888 8
145 940 9
145 58 3
940 926 10
488 641 9
488 287 10
641 719 12
876 969 8
876 750 4
359 756 6
359 74 3
37 476 14
37 657 11
476 353 14
669 61 2
669 535 11
184 377 4
74 769 5
28 286 6
28 353 12
918 665 13
918 566 1
144 844 11
844 234 1
741 281 10
741 0 4
410 734 2
410 20 9
532 153 12
532 396 11
315 804 9
730 822 4
98 755 14
110 622 7
336 497 9
336 46 2
497 16 10
810 974 12
894 910 10
910 352 9
725 952 7
725 866 6
952 377 14
188 596 5
174 440 9
440 185 11
84 439 9
84 506 1
439 399 2
982 314 10
982 811 4
566 954 9
622 134 5
371 589 7
371 945 4
743 535 1
743 204 4
58 893 6
58 915 4
893 819 10
770 52 4
984 787 10
984 80 14
100 859 1
100 378 8
238 201 14
989 233 12
593 407 13
593 705 2
189 399 3
272 78 3
236 401 3
316 373 3
316 811 4
373 811 10
165 947 14
165 917 4
249 46 13
101 649 6
649 861 14
198 20 11
132 29 1
52 827 3
52 233 14
305 987 1
109 932 8
109 385 14
932 947 14
542 234 1
286 564 7
311 715 5
14 779 5
779 509 14
40 508 10
508 611 6
508 221 9
430 550 3
430 287 11
430 850 1
550 882 9
475 496 14
241 390 8
390 614 12
18 232 3
18 807 14
232 201 2
596 861 13
16 308 10
16 252 13
185 859 2
755 915 14
819 897 12
897 720 1
897 768 3
852 428 5
974 385 9
584 777 4
624 986 5
624 668 10
531 915 5
610 378 4
495 282 7
469 904 14
904 877 9
904 496 8
721 541 6
858 867 8
858 745 10
527 252 13
153 751 3
153 833 4
451 799 11
924 692 3
787 419 1
358 654 4
654 635 5
654 954 3
168 611 12
252 80 4
635 134 10
361 711 7
361 749 11
88 807 12
88 509 3
611 748 6
699 591 9
231 282 9
231 705 10
29 734 5
458 242 2
458 434 1
510 850 14
219 352 13
913 57 10
282 815 8
60 688 13
60 104 11
688 535 11
788 281 11
850 665 5
677 416 12
64 792 1
64 78 7
711 815 8
541 679 2
569 574 11
717 169 9
717 396 11
638 679 9
112 162 10
162 745 3
162 134 8
882 321 14
993 19 4
993 846 9
945 888 2
877 483 12
720 530 3
867 804 3
116 530 13
620 823 6
679 591 8
614 749 4
216 498 8
148 936 12
466 491 12
419 829 5
999 670 7
626 936 3
459 211 14
522 169 1
378 694 1
670 657 9
10 171 14
2 331 2
3 375 725
9 445 860
13 932 164
14 858 708
14 483 383
15 24 222
16 569 98
17 417 987
20 682 21
20 327 298
21 106 104
21 550 125
25 761 782
25 818 176
25 95 606
26 532 499
30 235 483
34 325 763
34 107 49
37 293 769
41 736 176
42 689 297
44 684 156
44 246 84
44 332 723
47 134 841
54 130 674
55 2 4
55 425 560
57 323 196
58 384 20
62 563 924
65 190 841
66 659 245
66 383 998
67 263 918
68 968 428
68 836 288
72 276 905
73 45 925
74 270 465
75 61 958
76 160 129
76 773 261
77 215 868
78 309 714
80 219 705
80 227 422
81 886 351
81 850 703
83 312 722
89 646 484
95 52 402
95 744 601
95 708 887
96 742 249
97 803 306
