100 2100 29 14
56 16 74 28 82 67 67 47 7 83 66 43 52 26
0 1 8
0 2 1
0 3 14
0 4 4
0 5 11
0 6 13
0 7 6
0 8 7
0 9 1
0 10 10
0 11 6
0 12 6
0 13 9
0 14 1
0 15 2
0 16 13
0 17 1
0 18 14
0 19 14
0 20 7
0 21 10
0 22 12
0 23 11
0 24 13
0 25 14
0 26 13
0 27 5
0 28 13
0 29 6
0 30 11
0 31 10
0 32 2
0 33 7
0 34 11
0 35 11
0 36 2
0 37 9
0 38 11
0 39 3
0 40 7
0 41 6
0 42 6
0 43 10
0 44 14
0 45 13
0 46 8
0 47 4
0 48 15
0 49 5
0 50 4
0 51 1
0 52 9
0 53 2
0 54 14
0 55 7
0 56 11
0 57 7
0 58 3
0 59 4
0 60 1
0 61 9
0 62 5
0 63 15
0 64 11
0 65 5
0 66 12
0 67 13
0 68 3
0 69 11
0 70 6
0 71 13
0 72 12
0 73 12
0 74 4
0 75 14
0 76 8
0 77 9
0 78 3
0 79 5
0 80 9
0 81 4
0 82 6
0 83 14
0 84 6
0 85 9
0 86 11
0 87 12
0 88 14
0 89 15
0 90 3
0 91 6
0 92 11
0 93 3
0 94 6
0 95 8
0 96 15
0 97 10
0 98 13
0 99 13
1 71 5
1 72 13
1 73 4
1 74 9
1 75 13
1 76 8
1 77 12
1 78 3
1 79 2
1 80 8
1 81 15
1 82 4
1 83 7
1 84 12
1 85 12
1 87 2
1 88 7
1 89 15
1 92 8
1 93 7
1 98 10
1 99 9
2 71 12
2 72 1
2 73 8
2 74 12
2 75 10
2 76 14
2 77 15
2 78 10
2 79 13
2 80 7
2 81 2
2 82 4
2 85 6
2 86 13
2 87 15
2 90 2
2 91 5
2 92 3
2 93 5
2 95 9
2 96 2
2 97 4
3 71 10
3 72 10
3 73 9
3 74 10
3 75 7
3 76 9
3 77 15
3 78 7
3 79 10
3 80 10
3 81 11
3 82 13
3 83 12
3 84 6
3 85 11
3 86 15
3 88 12
3 90 4
3 92 13
3 93 3
3 94 10
3 95 3
3 96 8
3 98 2
3 99 9
4 71 8
4 72 9
4 73 8
4 74 6
4 75 8
4 76 2
4 77 15
4 78 4
4 79 14
4 81 8
4 82 6
4 83 14
4 84 10
4 85 2
4 86 14
4 88 4
4 89 10
4 91 3
4 92 15
4 93 10
4 94 13
4 97 13
4 99 15
5 71 7
5 72 14
5 73 2
5 74 4
5 75 15
5 76 1
5 77 3
5 78 10
5 79 2
5 80 11
5 81 5
5 82 7
5 83 12
5 84 4
5 85 1
5 86 9
5 87 13
5 90 12
5 91 3
5 92 10
5 94 15
5 95 8
5 97 12
5 98 5
5 99 12
6 71 2
6 72 11
6 73 15
6 74 2
6 75 5
6 76 9
6 77 2
6 78 11
6 79 1
6 80 15
6 82 11
6 83 4
6 84 4
6 85 12
6 86 4
6 87 5
6 88 9
6 89 15
6 91 1
6 92 3
6 93 5
6 94 6
6 95 13
6 97 3
6 98 8
7 71 4
7 72 8
7 73 14
7 74 13
7 75 8
7 76 14
7 77 3
7 78 12
7 79 4
7 82 3
7 83 14
7 84 2
7 85 1
7 86 5
7 87 15
7 88 9
7 89 15
7 91 10
7 92 1
7 93 1
7 94 11
7 96 7
7 97 2
7 98 9
7 99 15
8 71 3
8 72 5
8 73 10
8 74 13
8 76 1
8 77 8
8 79 4
8 80 6
8 81 1
8 82 15
8 83 10
8 84 7
8 85 8
8 86 2
8 87 13
8 91 10
8 94 8
8 96 2
8 97 8
8 99 11
9 71 15
9 72 13
9 73 9
9 74 10
9 76 7
9 77 2
9 78 4
9 79 7
9 80 4
9 81 11
9 82 1
9 83 13
9 84 12
9 85 15
9 86 10
9 89 3
9 90 5
9 91 1
9 93 11
9 96 14
9 97 4
9 98 4
10 71 5
10 72 12
10 73 4
10 74 1
10 75 12
10 76 14
10 78 12
10 79 14
10 80 9
10 82 12
10 83 12
10 84 15
10 86 3
10 87 9
10 89 9
10 90 1
10 91 5
10 92 7
10 94 9
10 95 5
10 96 2
11 71 4
11 72 11
11 73 14
11 74 4
11 75 4
11 76 1
11 77 4
11 78 8
11 79 6
11 80 10
11 81 12
11 82 15
11 83 6
11 84 14
11 85 4
11 86 12
11 88 14
11 89 13
11 90 7
11 91 6
11 92 4
11 93 3
11 95 6
11 96 7
11 98 3
12 71 15
12 72 5
12 73 11
12 74 4
12 75 6
12 76 14
12 77 2
12 78 3
12 79 12
12 80 13
12 81 8
12 82 6
12 83 9
12 84 10
12 85 14
12 87 11
12 88 13
12 90 10
12 91 15
12 92 4
12 93 6
12 94 8
12 95 8
12 96 8
12 97 15
12 98 7
12 99 9
13 71 2
13 72 3
13 73 1
13 74 6
13 75 5
13 76 13
13 77 4
13 78 6
13 79 2
13 80 5
13 81 4
13 82 1
13 83 7
13 85 12
13 87 4
13 88 3
13 89 14
13 90 10
13 91 10
13 93 7
13 95 13
13 96 12
13 98 2
13 99 11
14 71 7
14 72 5
14 74 10
14 75 1
14 76 1
14 77 6
14 78 5
14 79 6
14 80 4
14 81 13
14 85 4
14 86 7
14 87 4
14 88 1
14 89 11
14 90 3
14 91 1
14 92 11
14 93 12
14 97 5
14 98 11
14 99 3
15 71 14
15 72 6
15 73 1
15 74 8
15 77 14
15 78 11
15 80 6
15 81 7
15 84 8
15 86 15
15 87 14
15 88 9
15 90 12
15 94 7
15 96 4
16 71 12
16 72 9
16 73 14
16 74 6
16 75 14
16 76 14
16 77 12
16 78 3
16 79 15
16 80 15
16 81 3
16 82 8
16 83 4
16 84 4
16 85 8
16 86 1
16 87 1
16 88 8
16 89 6
16 90 2
16 91 3
16 92 6
16 93 8
16 94 1
16 95 6
16 97 6
16 98 4
17 71 7
17 72 15
17 73 9
17 74 9
17 75 7
17 76 3
17 77 10
17 78 3
17 79 1
17 80 7
17 81 1
17 82 2
17 83 5
17 84 12
17 86 13
17 88 1
17 89 12
17 90 8
17 91 7
17 92 1
17 94 1
17 95 10
17 97 15
18 71 12
18 72 6
18 73 7
18 74 15
18 75 4
18 76 8
18 77 5
18 78 1
18 79 8
18 80 12
18 81 8
18 82 14
18 84 3
18 85 4
18 86 1
18 89 4
18 94 8
18 96 4
18 97 15
18 98 5
18 99 11
19 71 5
19 72 10
19 73 9
19 74 5
19 75 8
19 76 5
19 77 1
19 79 14
19 80 11
19 83 14
19 84 14
19 85 4
19 87 7
19 88 10
19 89 5
19 90 9
19 91 13
19 92 8
19 93 8
19 95 6
19 97 9
19 98 5
19 99 4
20 71 10
20 72 1
20 73 4
20 74 8
20 75 10
20 78 11
20 79 8
20 80 5
20 81 15
20 82 11
20 84 8
20 85 7
20 86 15
20 88 15
20 90 12
20 92 4
20 93 4
20 94 2
20 96 1
20 97 2
20 99 14
21 71 14
21 72 6
21 73 8
21 74 9
21 76 11
21 77 11
21 78 3
21 79 10
21 80 12
21 81 4
21 82 8
21 85 8
21 86 14
21 87 4
21 88 12
21 89 3
21 90 1
21 92 3
21 94 3
21 95 8
21 96 6
21 97 10
21 98 14
21 99 15
22 71 8
22 72 9
22 73 2
22 74 8
22 75 11
22 76 2
22 77 13
22 78 14
22 79 11
22 81 6
22 82 5
22 83 7
22 84 11
22 85 5
22 88 1
22 89 12
22 90 8
22 92 2
22 93 8
22 95 14
22 96 14
23 71 2
23 72 14
23 73 11
23 74 8
23 75 15
23 76 15
23 77 4
23 78 2
23 79 5
23 80 4
23 81 5
23 82 5
23 83 9
23 84 8
23 85 1
23 87 1
23 88 13
23 90 8
23 91 3
23 92 11
23 93 3
23 94 8
23 96 15
23 99 12
24 71 5
24 72 12
24 73 11
24 74 12
24 75 4
24 76 10
24 77 14
24 78 9
24 79 5
24 80 10
24 81 1
24 82 12
24 83 9
24 84 15
24 85 15
24 86 15
24 87 8
24 88 5
24 89 7
24 91 6
24 95 15
24 96 6
24 97 2
25 71 1
25 72 8
25 73 14
25 74 8
25 75 6
25 76 2
25 79 8
25 80 6
25 81 13
25 83 14
25 84 2
25 87 10
25 89 9
25 90 14
25 91 8
25 96 5
25 98 12
25 99 4
26 71 13
26 72 1
26 73 9
26 75 9
26 76 10
26 77 9
26 78 14
26 80 13
26 81 6
26 82 13
26 83 11
26 84 5
26 85 1
26 86 9
26 87 14
26 88 10
26 89 7
26 90 14
26 91 13
26 92 11
26 93 9
26 94 5
26 96 1
26 97 6
26 98 12
27 71 4
27 72 9
27 73 15
27 74 10
27 75 2
27 76 14
27 77 6
27 78 6
27 79 14
27 80 5
27 81 2
27 82 10
27 83 14
27 84 15
27 88 7
27 89 12
27 91 10
27 92 15
27 93 1
27 94 11
27 95 3
27 97 8
27 98 8
27 99 5
28 71 8
28 72 9
28 73 14
28 74 2
28 75 5
28 76 8
28 77 10
28 78 6
28 79 4
28 80 8
28 81 13
28 82 15
28 83 10
28 84 7
28 85 6
28 86 15
28 87 3
28 88 12
28 89 7
28 90 12
28 91 12
28 92 6
28 93 12
28 94 1
28 97 14
28 98 11
29 71 9
29 72 10
29 73 9
29 74 4
29 75 6
29 76 11
29 77 15
29 78 15
29 79 8
29 80 1
29 81 3
29 83 15
29 84 12
29 85 15
29 87 13
29 89 7
29 91 1
29 92 6
29 93 12
29 94 10
29 96 12
29 99 15
30 71 14
30 72 1
30 73 8
30 74 8
30 75 13
30 76 10
30 77 2
30 78 3
30 81 9
30 82 14
30 83 13
30 84 6
30 86 13
30 88 14
30 90 12
30 91 1
30 94 11
30 95 3
30 96 5
30 97 1
30 98 14
31 71 5
31 73 6
31 74 12
31 75 10
31 76 8
31 77 15
31 78 2
31 79 3
31 80 13
31 82 14
31 83 1
31 84 11
31 85 5
31 86 6
31 87 8
31 88 11
31 89 7
31 90 2
31 91 10
31 92 4
31 94 15
31 95 4
31 96 9
31 97 15
31 99 14
32 71 12
32 72 9
32 73 2
32 74 1
32 75 10
32 76 4
32 77 8
32 78 5
32 79 4
32 80 2
32 81 12
32 82 13
32 83 10
32 85 11
32 86 1
32 87 4
32 88 4
32 89 3
32 91 4
32 93 3
32 94 1
32 98 8
32 99 12
33 71 13
33 72 11
33 73 11
33 74 2
33 75 9
33 76 8
33 77 10
33 78 10
33 79 13
33 80 8
33 81 1
33 82 3
33 83 4
33 84 5
33 85 13
33 86 5
33 88 14
33 89 6
33 90 6
33 91 15
33 92 13
33 93 12
33 95 1
33 96 13
33 98 3
34 71 4
34 72 14
34 73 13
34 74 13
34 75 4
34 76 1
34 77 3
34 79 9
34 80 15
34 81 7
34 82 4
34 83 15
34 84 9
34 86 8
34 88 12
34 89 7
34 90 11
34 92 7
34 93 8
34 94 8
34 95 12
34 96 15
34 98 1
34 99 3
35 71 8
35 72 10
35 73 11
35 74 12
35 75 7
35 76 5
35 77 12
35 78 7
35 79 10
35 80 3
35 81 3
35 82 10
35 83 15
35 84 11
35 85 15
35 86 11
35 87 12
35 88 10
35 89 14
35 90 5
35 91 4
35 92 10
35 94 2
35 95 2
35 96 3
35 97 1
35 98 4
35 99 3
36 71 11
36 72 8
36 73 13
36 74 11
36 75 5
36 76 14
36 77 2
36 78 3
36 79 3
36 80 3
36 83 11
36 84 3
36 85 2
36 87 7
36 89 13
36 90 10
36 92 14
36 93 12
36 95 7
36 96 2
36 97 1
36 98 8
36 99 5
37 71 4
37 72 5
37 73 15
37 74 4
37 75 7
37 76 6
37 77 15
37 78 10
37 79 15
37 80 5
37 83 2
37 84 12
37 86 5
37 89 1
37 90 4
37 95 9
38 71 8
38 72 1
38 73 5
38 74 4
38 75 8
38 76 7
38 77 8
38 78 11
38 79 1
38 80 4
38 81 7
38 82 2
38 83 15
38 84 7
38 85 1
38 86 10
38 87 8
38 88 7
38 89 2
38 93 9
38 95 8
38 96 10
38 98 2
38 99 13
39 71 5
39 72 7
39 73 6
39 74 14
39 75 11
39 76 8
39 77 11
39 78 11
39 79 8
39 80 6
39 81 6
39 82 6
39 83 15
39 84 6
39 86 3
39 87 11
39 88 5
39 89 13
39 91 4
39 92 9
39 94 14
39 95 13
39 99 7
40 71 4
40 72 11
40 73 12
40 74 14
40 75 15
40 76 4
40 77 2
40 78 6
40 80 12
40 81 5
40 82 4
40 83 4
40 85 3
40 86 4
40 87 1
40 92 14
40 95 7
40 97 15
40 98 15
40 99 1
41 71 4
41 72 4
41 76 1
41 77 14
41 78 13
41 79 4
41 81 14
41 82 11
41 84 2
41 85 6
41 86 9
41 88 9
41 89 8
41 90 10
41 91 6
41 93 1
41 94 10
41 95 14
41 96 10
41 99 14
42 71 15
42 72 3
42 73 9
42 74 5
42 75 5
42 76 8
42 77 10
42 78 13
42 79 2
42 80 6
42 81 6
42 82 12
42 84 14
42 85 13
42 86 14
42 87 15
42 88 5
42 89 15
42 90 5
42 92 2
42 93 9
42 94 2
42 95 9
42 96 5
42 97 10
42 98 9
43 71 3
43 72 7
43 73 12
43 75 8
43 77 11
43 78 14
43 79 8
43 80 12
43 83 7
43 84 6
43 85 12
43 86 2
43 87 12
43 88 2
43 89 15
43 90 7
43 91 8
43 94 6
43 97 5
43 98 5
43 99 3
44 71 5
44 72 9
44 73 5
44 74 12
44 75 3
44 76 6
44 77 12
44 78 10
44 79 8
44 80 11
44 81 10
44 82 5
44 85 5
44 87 11
44 88 1
44 89 6
44 92 12
44 93 1
44 94 12
44 97 6
44 99 15
45 71 3
45 72 5
45 73 13
45 74 11
45 75 4
45 76 4
45 77 4
45 78 1
45 79 11
45 80 1
45 81 2
45 82 3
45 83 11
45 84 2
45 85 14
45 86 10
45 87 5
45 89 7
45 91 5
45 92 7
45 93 4
45 94 13
45 95 14
45 96 6
45 97 2
46 73 2
46 74 3
46 75 8
46 76 14
46 77 7
46 78 10
46 79 6
46 81 8
46 82 15
46 83 7
46 86 12
46 87 1
46 88 5
46 90 6
46 91 8
46 92 11
46 93 7
46 95 1
46 97 9
47 71 2
47 72 3
47 73 3
47 74 1
47 75 1
47 76 8
47 77 2
47 78 13
47 79 9
47 80 2
47 81 1
47 82 7
47 83 4
47 85 8
47 86 6
47 87 15
47 88 10
47 89 12
47 90 15
47 92 9
47 93 12
47 94 1
47 96 5
47 97 12
47 98 3
48 71 5
48 72 2
48 73 8
48 74 1
48 75 1
48 76 10
48 77 10
48 78 13
48 79 13
48 80 15
48 81 12
48 82 14
48 84 5
48 85 5
48 87 14
48 88 3
48 89 1
48 90 14
48 91 12
48 92 6
48 94 10
48 95 7
48 97 8
48 98 6
49 71 4
49 72 13
49 74 13
49 75 10
49 76 8
49 77 1
49 78 11
49 79 10
49 80 2
49 81 2
49 82 11
49 85 14
49 86 2
49 87 1
49 88 8
49 89 15
49 91 11
49 92 3
49 93 1
49 94 3
49 96 3
49 97 12
49 98 14
50 71 4
50 72 1
50 73 11
50 74 1
50 75 4
50 76 5
50 78 3
50 81 1
50 83 7
50 84 14
50 86 10
50 87 3
50 88 4
50 89 4
50 90 2
50 91 3
50 93 7
50 94 2
50 95 11
50 96 1
50 97 15
51 71 11
51 72 13
51 73 2
51 74 1
51 75 8
51 76 4
51 77 10
51 79 12
51 80 7
51 81 3
51 82 3
51 83 8
51 84 6
51 85 13
51 86 9
51 87 9
51 89 11
51 90 5
51 93 2
51 94 6
51 95 10
51 96 11
52 71 2
52 72 6
52 73 2
52 74 13
52 75 10
52 77 6
52 78 9
52 80 10
52 81 5
52 82 3
52 83 15
52 85 10
52 86 1
52 87 1
52 88 5
52 90 13
52 91 15
52 92 1
52 94 4
52 95 4
52 96 15
52 98 9
53 71 8
53 72 14
53 73 2
53 74 14
53 75 14
53 76 8
53 77 7
53 78 7
53 79 2
53 80 12
53 81 14
53 82 12
53 83 4
53 84 12
53 85 2
53 86 4
53 87 1
53 88 7
53 89 10
53 90 11
53 91 13
53 92 6
53 95 14
53 96 4
53 97 15
53 99 9
54 71 7
54 72 13
54 73 10
54 74 8
54 75 14
54 76 2
54 77 12
54 78 13
54 79 13
54 80 6
54 81 13
54 82 5
54 83 2
54 84 3
54 86 4
54 87 13
54 88 15
54 90 1
54 91 5
54 92 8
54 93 3
54 94 14
54 95 13
54 96 11
54 97 10
54 98 11
54 99 3
55 71 10
55 72 9
55 73 9
55 74 15
55 75 9
55 77 12
55 79 6
55 80 12
55 81 3
55 82 8
55 83 13
55 84 7
55 85 2
55 86 14
55 87 15
55 88 4
55 91 1
55 93 1
55 96 14
55 97 13
55 99 14
56 71 8
56 72 13
56 73 9
56 74 7
56 75 5
56 76 7
56 77 8
56 78 15
56 79 4
56 80 15
56 81 9
56 82 8
56 83 13
56 84 9
56 86 14
56 87 10
56 89 14
56 90 1
56 91 1
56 93 15
56 94 3
56 95 14
56 96 2
56 97 5
56 99 8
57 71 6
57 72 3
57 73 8
57 74 10
57 75 2
57 76 2
57 77 15
57 78 1
57 79 14
57 81 10
57 82 6
57 83 5
57 84 11
57 85 4
57 86 15
57 87 12
57 90 12
57 91 8
57 93 5
57 94 9
57 95 6
57 96 4
57 99 11
58 71 14
58 72 1
58 73 15
58 74 7
58 75 12
58 76 3
58 77 6
58 78 13
58 79 15
58 81 2
58 82 14
58 83 12
58 85 5
58 86 1
58 87 6
58 88 14
58 91 13
58 92 3
58 95 15
58 96 14
58 97 9
58 98 11
58 99 12
59 71 5
59 72 2
59 73 6
59 74 4
59 75 4
59 76 6
59 77 12
59 78 2
59 79 15
59 80 13
59 82 14
59 83 13
59 85 2
59 87 14
59 89 5
59 90 10
59 91 8
59 92 1
59 93 2
59 95 2
59 96 3
59 98 7
60 71 5
60 72 5
60 73 5
60 74 11
60 75 10
60 76 15
60 77 14
60 78 12
60 79 2
60 81 6
60 82 7
60 85 2
60 86 1
60 87 7
60 88 4
60 90 4
60 91 11
60 92 15
60 94 5
60 97 5
60 98 12
61 71 6
61 72 15
61 73 12
61 74 5
61 75 5
61 76 7
61 79 3
61 80 4
61 81 9
61 82 1
61 84 4
61 88 5
61 89 9
61 90 12
61 92 8
61 93 4
61 94 1
61 96 15
61 97 14
61 99 2
62 71 13
62 72 4
62 73 12
62 74 10
62 75 15
62 76 6
62 77 9
62 78 15
62 80 7
62 81 7
62 83 1
62 84 1
62 85 12
62 86 5
62 88 15
62 89 7
62 92 11
62 93 13
62 95 8
62 96 3
62 97 1
62 98 2
63 71 9
63 72 12
63 73 15
63 74 7
63 75 13
63 76 5
63 77 4
63 78 11
63 79 10
63 80 12
63 81 5
63 83 5
63 84 13
63 85 7
63 86 8
63 87 12
63 88 4
63 89 1
63 90 13
63 91 15
63 95 10
63 99 4
64 71 3
64 72 14
64 73 14
64 74 4
64 75 12
64 76 2
64 77 4
64 78 14
64 79 13
64 80 15
64 81 14
64 82 10
64 83 8
64 84 15
64 85 8
64 86 5
64 87 11
64 88 2
64 89 11
64 90 1
64 91 8
64 92 7
64 93 1
64 94 7
64 96 2
64 97 1
64 98 12
64 99 5
65 71 2
65 72 14
65 73 2
65 75 9
65 76 2
65 77 13
65 78 6
65 79 8
65 80 10
65 81 6
65 82 13
65 83 2
65 84 11
65 85 13
65 86 15
65 87 1
65 88 4
65 89 8
65 90 13
65 91 12
65 92 11
65 93 1
65 94 3
65 95 13
65 98 10
65 99 11
66 71 5
66 72 7
66 73 9
66 74 15
66 75 15
66 76 15
66 78 3
66 80 4
66 82 5
66 83 5
66 84 11
66 85 8
66 87 2
66 90 15
66 92 8
66 93 12
66 94 14
66 95 12
66 96 8
66 97 7
66 98 10
66 99 12
67 71 7
67 72 6
67 73 11
67 74 13
67 75 11
67 76 14
67 77 13
67 79 12
67 80 12
67 83 12
67 84 2
67 85 2
67 88 7
67 89 6
67 90 3
67 91 1
67 93 14
67 99 7
68 71 4
68 72 8
68 73 3
68 74 14
68 75 12
68 78 4
68 79 1
68 80 13
68 81 1
68 82 11
68 83 6
68 84 6
68 86 15
68 87 10
68 89 9
68 90 11
68 95 6
68 96 13
68 98 4
68 99 11
69 71 1
69 72 12
69 73 9
69 74 10
69 75 1
69 76 3
69 77 15
69 78 10
69 80 10
69 81 13
69 82 2
69 83 14
69 84 10
69 85 8
69 86 1
69 87 7
69 88 8
69 89 9
69 90 8
69 91 5
69 93 8
69 94 1
69 95 8
70 71 1
70 72 11
70 73 3
70 74 2
70 75 3
70 76 12
70 77 3
70 78 13
70 79 8
70 80 6
70 81 5
70 82 15
70 83 13
70 84 9
70 85 14
70 86 5
70 87 1
70 88 10
70 91 7
70 92 4
70 93 4
70 94 6
70 95 1
70 97 9
70 98 10
71 72 7
71 73 3
71 74 10
71 75 13
71 76 4
71 77 9
71 78 2
71 79 5
71 80 15
71 81 15
71 82 10
71 83 14
71 84 7
71 85 2
71 86 2
71 87 5
71 88 9
71 89 9
71 90 5
71 91 1
71 92 9
71 93 8
71 94 5
71 95 14
71 96 2
71 97 13
71 98 1
71 99 5
72 73 14
72 74 7
72 75 6
72 76 13
72 77 15
72 78 13
72 79 14
72 80 7
72 81 14
72 82 5
72 83 4
72 84 1
72 85 3
72 86 4
72 87 7
72 88 1
72 89 12
72 90 13
72 91 5
72 92 10
72 93 11
72 94 7
72 95 12
72 96 3
72 97 11
72 98 9
72 99 6
73 74 11
73 75 1
73 76 11
73 77 9
73 78 3
73 79 15
73 80 8
73 81 7
73 82 5
73 83 6
73 84 2
73 85 8
73 86 9
73 87 6
73 88 8
73 89 14
73 90 1
73 91 1
73 92 15
73 93 1
73 94 11
73 97 1
73 98 14
73 99 14
74 75 7
74 76 6
74 77 2
74 78 3
74 79 10
74 80 7
74 81 8
74 82 1
74 83 5
74 84 5
74 85 10
74 86 8
74 87 6
74 88 5
74 89 5
74 90 14
74 91 5
74 92 12
74 93 7
74 94 8
74 95 3
74 96 13
74 97 14
74 98 1
74 99 8
75 76 13
75 77 11
75 78 7
75 79 7
75 80 3
75 81 1
75 82 1
75 83 9
75 84 7
75 85 13
75 86 1
75 87 3
75 88 3
75 89 10
75 90 2
75 91 15
75 92 1
75 93 5
75 94 1
75 95 3
75 96 10
75 97 13
75 98 12
75 99 4
76 77 13
76 78 3
76 79 10
76 80 3
76 81 7
76 82 10
76 83 4
76 84 11
76 85 13
76 86 11
76 87 6
76 88 4
76 89 7
76 90 3
76 91 7
76 92 8
76 93 6
76 94 13
76 95 7
76 96 2
76 97 8
76 98 6
76 99 4
77 78 6
77 79 12
77 80 8
77 81 3
77 82 13
77 83 9
77 84 1
77 85 3
77 86 3
77 87 4
77 88 7
77 89 13
77 90 3
77 91 9
77 92 1
77 93 1
77 94 12
77 95 12
77 97 11
77 98 11
77 99 11
78 79 11
78 80 4
78 81 3
78 82 15
78 83 15
78 84 4
78 85 15
78 86 12
78 87 11
78 88 14
78 89 4
78 90 2
78 91 5
78 92 1
78 93 9
78 94 8
78 95 1
78 96 1
78 97 2
78 98 11
78 99 7
79 80 6
79 81 15
79 82 11
79 83 13
79 84 5
79 85 2
79 86 6
79 87 6
79 88 7
79 89 11
79 90 8
79 91 12
79 92 2
79 93 12
79 94 11
79 95 15
79 96 14
79 97 6
79 98 11
79 99 11
80 81 8
80 82 2
80 83 7
80 84 6
80 85 14
80 86 7
80 87 15
80 88 12
80 89 1
80 90 2
80 91 6
80 92 9
80 93 13
80 94 4
80 95 7
80 96 9
80 97 3
80 98 2
80 99 8
81 82 15
81 83 8
81 84 13
81 85 11
81 86 12
81 87 14
81 88 10
81 89 1
81 90 13
81 92 10
81 93 15
81 94 1
81 95 9
81 96 1
81 97 7
81 98 11
81 99 14
82 83 9
82 84 15
82 85 8
82 86 12
82 87 2
82 88 3
82 89 7
82 90 11
82 91 1
82 92 2
82 93 4
82 94 4
82 95 1
82 96 8
82 97 14
82 98 9
82 99 2
83 84 7
83 85 4
83 86 11
83 87 6
83 88 1
83 89 6
83 90 9
83 91 13
83 92 3
83 93 11
83 94 11
83 95 5
83 96 7
83 97 12
83 98 8
83 99 9
84 85 11
84 86 2
84 87 2
84 88 4
84 89 3
84 90 14
84 91 14
84 92 11
84 93 11
84 94 13
84 95 6
84 96 2
84 97 7
84 98 5
84 99 12
85 86 8
85 87 14
85 88 2
85 89 2
85 90 6
85 91 7
85 92 14
85 93 12
85 94 8
85 95 13
85 96 14
85 97 11
85 98 4
85 99 7
86 87 5
86 88 10
86 89 8
86 90 15
86 91 3
86 92 5
86 93 12
86 94 4
86 95 9
86 96 1
86 97 4
86 98 4
86 99 14
87 88 2
87 89 5
87 90 1
87 91 13
87 92 5
87 93 4
87 94 9
87 95 7
87 96 6
87 97 9
87 98 1
87 99 5
88 89 5
88 90 7
88 91 12
88 92 7
88 93 9
88 94 14
88 95 12
88 96 7
88 97 15
88 98 6
88 99 8
89 90 15
89 91 14
89 92 6
89 93 8
89 94 12
89 95 9
89 96 1
89 97 15
89 98 7
89 99 10
90 91 10
90 92 9
90 93 3
90 94 4
90 95 15
90 96 12
90 97 14
90 98 5
90 99 8
91 92 3
91 93 6
91 94 8
91 95 12
91 96 6
91 97 6
91 98 9
91 99 7
92 93 11
92 94 8
92 95 11
92 96 7
92 97 4
92 98 9
92 99 7
93 94 2
93 95 4
93 96 7
93 97 12
93 98 12
93 99 2
94 95 12
94 96 5
94 97 6
94 98 5
94 99 11
95 96 7
95 98 1
95 99 9
96 97 1
96 98 1
96 99 5
97 98 10
97 99 11
98 99 8
1 18 42
1 78 94
10 71 47
10 81 2
17 7 12
20 12 86
20 21 99
22 36 34
23 97 93
24 41 78
24 59 13
28 33 96
41 64 46
45 80 66
47 14 33
62 72 60
63 45 53
64 94 79
65 29 63
74 93 85
81 58 21
89 52 65
89 55 7
91 28 65
92 35 39
93 3 9
93 77 36
98 43 89
98 85 37
