100 291 20 28
54 27 63 74 5 59 3 46 58 74 47 36 34 75 11 0 56 96 78 95 71 29 75 54 36 0 11 33
0 1 3
0 2 4
0 3 3
0 4 3
0 5 5
0 6 2
0 7 2
0 8 2
0 9 3
0 10 3
0 12 3
0 23 3
0 25 1
0 33 3
0 38 3
0 40 4
0 48 3
0 59 2
0 61 4
0 62 1
0 64 5
0 68 5
0 92 5
1 4 3
1 9 3
1 11 2
1 13 5
1 15 4
1 17 2
1 19 4
1 37 2
1 40 1
1 55 3
1 59 1
1 60 1
1 64 4
2 70 1
3 4 3
3 5 3
3 8 3
3 26 2
3 52 1
3 60 1
4 5 3
4 6 5
4 7 3
4 8 5
4 13 3
4 14 2
4 15 2
4 16 5
4 21 1
4 22 2
4 26 1
4 33 2
4 36 5
4 41 5
4 42 1
4 43 1
4 45 3
4 47 3
4 50 4
4 54 3
4 56 1
4 63 4
4 68 3
4 70 1
4 71 4
4 82 2
4 85 4
4 86 2
4 95 3
4 97 5
5 6 1
5 9 4
5 10 2
5 18 3
5 19 1
5 21 2
5 23 4
5 28 3
5 47 1
5 61 3
6 7 2
6 35 3
6 41 1
6 54 1
6 69 4
6 75 2
6 86 4
7 11 3
7 12 4
7 17 1
7 20 5
7 42 3
7 46 1
7 87 2
7 90 1
8 11 2
8 17 3
8 18 3
8 23 1
8 36 5
8 49 4
8 50 3
8 52 1
8 68 5
8 72 1
8 77 1
8 99 3
9 10 3
9 12 2
9 14 5
9 20 5
9 21 2
9 22 1
9 25 2
9 30 1
9 31 4
9 41 3
9 51 3
9 53 5
9 57 2
9 66 4
9 67 3
9 76 1
9 87 1
9 88 4
10 29 5
11 13 3
11 15 1
11 18 3
11 24 3
11 26 4
11 28 3
11 34 3
11 37 1
11 38 5
11 46 2
11 48 4
11 51 2
11 53 4
11 61 3
11 78 1
11 86 1
11 92 1
11 93 5
12 16 2
12 30 2
12 31 2
12 44 4
12 80 1
13 14 3
13 19 2
13 27 4
13 30 3
13 50 3
13 56 4
13 57 3
13 69 2
13 73 4
13 81 1
13 85 3
13 97 5
13 99 3
14 24 2
14 29 1
14 34 5
14 46 4
14 51 5
14 94 2
15 16 3
15 33 3
15 65 2
15 90 4
15 92 3
16 32 3
16 35 1
16 36 1
16 80 4
16 96 1
17 78 1
18 20 4
18 70 4
19 22 5
20 24 1
20 59 5
21 27 1
21 32 2
21 35 2
21 39 3
21 45 3
21 47 3
21 55 5
21 77 1
22 25 2
22 29 1
22 67 2
22 77 5
23 27 2
23 28 5
23 38 1
23 74 3
23 87 1
23 95 2
24 32 3
24 64 2
24 95 1
25 31 5
26 83 1
28 39 3
28 66 4
28 75 2
29 56 4
29 63 4
29 81 3
29 84 5
29 91 5
31 43 2
31 66 5
31 71 5
32 34 2
32 44 3
32 49 5
32 58 2
33 93 5
34 37 5
34 39 4
34 42 1
34 78 5
35 44 3
35 48 5
35 62 2
35 83 4
35 88 3
35 94 1
36 43 4
36 58 3
36 91 4
37 40 1
37 52 3
37 73 5
37 81 5
37 89 5
37 90 1
39 45 2
41 76 1
41 80 4
42 71 4
43 62 2
43 65 4
43 79 5
45 55 2
45 79 3
45 83 5
45 84 4
45 89 3
46 49 1
46 53 3
46 57 1
47 67 3
48 96 1
49 63 5
50 75 1
50 76 5
50 79 2
51 69 4
52 54 4
52 65 5
53 58 3
53 60 2
53 82 3
54 88 2
57 74 5
59 72 2
60 89 5
60 94 2
61 74 3
61 93 3
64 85 5
69 96 3
70 72 5
70 91 5
72 73 5
73 98 1
74 98 3
75 84 3
75 97 1
79 82 2
85 99 1
94 98 1
7 21 4
8 66 43
8 53 68
12 51 62
21 11 5
24 84 33
26 69 34
26 39 33
29 81 3
43 45 31
48 56 46
50 3 27
54 89 49
63 36 61
69 58 44
84 6 76
90 93 80
94 48 86
95 13 54
96 78 44
