1000 3002 86 28
761 157 993 854 175 627 177 0 145 113 982 102 538 249 440 531 42 612 986 885 28 420 168 351 5 542 739 892
0 140 8
0 185 16
0 240 16
0 931 16
0 996 12
1 53 5
1 110 10
1 128 10
1 149 15
1 530 15
1 557 16
1 774 12
2 5 16
2 71 12
2 203 6
2 316 2
2 689 10
3 378 16
3 637 14
3 842 2
3 906 4
3 943 9
4 51 4
4 177 11
4 266 10
4 331 4
5 207 13
5 214 13
5 215 11
5 272 13
5 308 5
5 515 7
5 787 1
5 816 15
6 327 14
6 488 9
6 533 12
6 590 8
6 773 7
6 977 3
7 58 8
7 91 1
7 173 9
7 224 8
7 311 7
7 340 4
8 19 3
8 222 11
8 257 8
8 409 16
8 424 12
8 692 1
8 717 4
8 956 16
9 38 6
9 409 14
9 859 15
10 310 9
10 431 1
10 475 12
10 476 12
10 843 9
10 984 8
11 151 8
11 179 4
11 191 1
11 354 15
11 364 13
11 443 15
11 505 6
11 662 16
12 46 11
12 139 3
12 185 10
12 390 9
12 693 14
12 694 7
12 805 6
12 884 5
13 102 5
13 226 16
13 250 4
13 494 7
13 689 15
13 716 5
14 58 8
14 165 8
14 204 11
14 292 6
14 464 2
14 696 14
14 852 11
14 914 4
14 989 15
15 79 3
15 156 3
15 179 12
15 197 15
15 823 7
15 867 1
15 899 11
15 966 5
16 120 5
16 265 6
16 329 15
16 522 15
16 536 3
16 586 13
16 619 3
16 952 11
17 35 15
17 255 9
17 542 8
17 552 2
17 700 12
17 720 3
17 892 16
18 80 14
18 303 15
18 433 5
18 723 12
19 99 8
19 102 9
19 157 14
19 158 3
19 242 6
19 252 14
19 275 7
19 309 4
19 421 7
19 518 3
19 543 9
20 83 4
20 181 5
20 294 15
20 498 11
20 688 13
20 715 13
20 802 2
20 834 6
20 954 6
20 960 8
21 155 15
21 209 10
21 213 6
21 428 5
21 445 15
21 750 9
22 201 9
22 204 15
22 308 6
22 352 6
22 624 12
22 632 6
22 693 15
22 947 6
23 73 9
23 393 1
23 505 13
23 540 7
23 557 14
23 559 7
23 694 10
24 66 11
24 179 15
24 474 13
24 510 13
24 511 2
24 761 11
24 889 12
24 981 9
25 240 10
25 321 5
25 327 2
25 772 2
25 810 16
26 196 3
26 329 10
26 481 5
26 551 10
26 629 14
27 109 2
27 153 13
27 400 2
27 672 13
27 828 3
27 890 6
28 31 9
28 40 16
28 559 6
28 705 6
29 57 4
29 311 6
29 553 12
29 586 14
29 634 16
29 852 3
30 68 6
30 90 6
30 112 16
30 213 4
30 304 2
30 459 10
30 647 6
30 757 5
30 769 4
30 898 16
30 900 9
30 948 9
31 90 3
31 203 16
31 234 12
31 242 4
31 271 6
31 303 1
31 322 8
31 483 9
31 579 12
31 597 10
31 746 1
31 790 1
31 834 7
31 865 9
32 33 10
32 307 14
32 740 16
33 324 8
33 727 12
33 842 6
34 262 6
34 266 14
34 556 8
34 558 6
34 564 2
34 761 2
34 762 6
34 836 13
34 908 13
34 998 12
35 129 7
35 407 12
35 511 8
35 525 11
35 564 8
35 752 10
35 831 7
36 72 16
36 125 4
36 179 9
36 238 3
36 913 12
37 155 1
37 283 5
37 414 9
37 437 16
37 519 15
37 531 1
38 219 12
38 230 2
38 233 11
38 556 5
38 609 7
38 660 14
38 795 7
38 836 15
39 63 16
39 159 16
39 529 5
39 877 16
39 930 6
39 979 3
40 418 14
40 679 4
40 684 16
40 744 16
40 970 12
40 985 11
41 117 15
41 163 4
41 244 16
41 260 2
41 909 13
41 975 15
42 336 16
42 382 12
42 847 14
42 937 13
43 131 14
43 210 15
43 729 2
43 565 16
44 55 5
44 334 15
44 366 9
44 470 16
44 812 7
44 818 5
44 833 15
45 355 4
45 575 1
45 583 6
45 627 14
45 796 11
45 928 14
45 959 12
46 476 11
46 481 6
46 580 3
46 831 16
46 866 5
46 896 13
47 58 13
47 169 15
47 360 14
47 630 9
47 690 6
48 75 16
48 238 2
48 370 11
48 386 10
48 438 8
48 476 13
48 481 10
48 612 14
48 685 9
49 186 13
49 228 16
49 277 15
49 339 8
49 341 3
49 483 4
49 853 6
49 936 3
50 227 3
50 310 4
50 432 2
50 539 2
50 550 2
50 850 1
50 908 3
51 117 12
51 273 3
51 285 6
51 287 4
51 295 10
51 591 4
51 689 14
51 892 10
52 65 9
52 399 15
52 409 1
52 541 11
52 554 6
52 566 3
52 681 16
52 916 9
53 331 4
53 390 3
53 411 2
53 496 10
53 690 1
53 927 7
54 292 4
54 304 5
54 597 16
54 983 9
55 151 1
55 717 2
56 226 2
56 426 2
56 431 5
56 442 9
56 488 11
56 972 7
57 244 8
57 682 14
57 786 7
57 814 2
57 976 13
58 605 11
58 870 4
58 913 11
59 219 5
59 254 4
59 553 8
60 114 1
60 141 2
60 349 13
60 826 11
61 411 2
61 444 16
61 573 11
61 937 14
62 156 7
62 313 8
62 361 6
62 516 14
62 559 5
62 614 2
62 677 1
62 737 8
62 765 15
62 835 3
63 122 16
63 240 1
63 258 11
63 322 5
63 335 11
63 533 16
63 574 14
63 700 8
64 469 8
64 757 16
64 831 4
64 911 5
64 916 3
65 98 8
65 207 4
65 442 4
65 477 15
65 514 16
65 798 8
66 793 10
66 860 6
67 171 3
67 473 4
67 592 2
67 719 11
67 775 10
68 158 15
68 803 6
68 923 1
68 976 14
69 86 3
69 243 8
69 287 1
69 290 13
69 341 3
69 644 16
69 732 1
69 792 9
69 829 10
69 989 2
70 145 7
70 214 16
70 242 16
70 438 12
70 715 12
70 732 15
70 998 7
71 102 10
71 155 6
71 174 12
71 402 1
71 498 7
71 578 4
72 339 10
72 821 11
72 964 10
73 118 2
73 158 9
73 393 16
73 406 2
73 747 12
73 775 16
73 854 8
73 983 9
74 79 10
74 559 4
74 971 8
74 987 12
75 163 12
75 307 16
75 453 6
75 492 12
75 771 11
75 815 14
75 865 15
76 279 14
76 727 15
76 996 14
77 154 14
77 321 13
77 757 9
78 328 11
78 465 13
78 743 7
79 204 2
79 207 1
79 304 10
79 331 3
79 361 11
79 514 13
79 642 7
79 723 3
79 731 7
79 765 7
79 898 14
79 901 12
79 967 16
80 169 15
80 334 9
80 381 10
80 647 2
80 691 6
80 946 11
81 375 4
81 400 2
81 562 5
81 744 4
81 846 3
82 134 11
82 161 11
82 210 6
82 294 13
82 412 4
82 430 1
82 455 9
82 529 3
82 596 12
82 792 6
83 113 16
83 379 4
83 562 8
83 787 10
83 962 6
84 509 12
84 614 11
84 615 14
84 789 8
85 245 13
85 336 12
85 604 6
85 676 16
85 822 15
85 829 2
86 110 16
86 202 14
86 362 11
86 539 4
86 605 2
86 684 1
86 822 10
86 888 9
87 146 9
87 306 13
87 566 11
87 602 7
87 683 14
87 783 6
87 810 9
87 820 16
87 926 13
88 187 15
88 269 7
88 328 14
88 439 16
88 491 15
88 525 1
88 655 12
89 205 10
89 308 12
89 335 4
89 450 8
89 949 14
90 221 4
90 234 6
90 327 8
90 798 15
90 832 13
90 967 5
91 359 3
91 489 16
91 686 5
91 739 6
91 860 2
91 984 13
92 101 4
92 296 15
92 483 6
92 580 1
92 723 9
92 761 11
92 832 4
93 341 13
93 478 5
93 786 5
93 985 1
94 186 12
94 187 6
94 578 8
94 590 10
94 665 14
94 691 4
94 728 8
94 897 16
94 910 1
95 106 8
95 409 16
95 642 13
96 228 13
96 372 6
96 920 8
97 348 15
97 420 11
97 662 3
97 811 3
98 684 12
98 730 7
99 331 13
99 468 7
99 530 13
99 576 5
99 736 10
99 852 12
100 632 7
100 953 14
101 228 9
101 372 15
101 373 6
101 438 2
101 460 15
101 500 3
101 840 6
102 119 15
102 268 4
102 495 7
102 589 4
102 769 15
102 955 4
102 993 3
103 417 5
103 620 10
103 730 15
103 781 16
103 991 4
104 217 14
104 307 11
104 358 13
104 363 15
104 381 7
104 480 14
104 629 4
104 817 12
104 824 14
104 886 16
105 168 10
105 337 1
105 467 5
105 694 16
106 166 2
106 348 6
106 539 8
106 571 1
106 737 9
106 757 11
106 870 12
106 911 12
106 955 9
107 399 11
107 509 4
107 569 7
107 850 12
108 239 15
108 340 16
108 438 8
108 499 3
108 593 6
108 796 4
108 849 10
108 967 6
108 999 15
109 164 10
109 304 5
109 547 15
109 630 5
109 785 8
109 950 10
110 334 5
110 539 5
110 553 12
110 660 1
110 994 12
111 182 5
111 272 6
111 673 9
111 818 12
112 117 14
112 381 4
112 629 2
112 977 16
113 414 10
113 637 2
114 256 14
114 279 8
114 890 5
115 300 5
115 333 5
115 367 13
115 800 2
115 803 6
116 148 2
116 311 13
116 861 2
117 604 3
117 613 7
117 627 8
117 750 14
117 916 14
118 436 10
118 640 12
118 804 8
119 278 5
119 442 5
119 642 3
119 769 12
119 885 1
120 358 5
120 770 13
120 918 4
121 196 3
121 289 10
121 414 16
121 686 10
121 868 2
122 244 15
122 267 6
122 447 15
122 548 10
122 630 13
123 129 13
123 475 4
123 548 13
123 697 8
123 738 9
123 837 7
124 478 13
124 574 10
125 174 14
125 534 3
125 570 4
125 704 3
125 773 2
125 985 9
126 631 7
126 757 4
126 896 2
126 909 11
126 928 3
127 430 5
127 597 1
127 685 7
127 785 6
127 889 9
128 496 7
128 568 1
129 574 6
129 736 12
129 777 3
129 807 10
129 902 11
130 166 7
130 184 5
130 552 6
130 562 10
130 602 12
130 919 7
131 153 4
131 269 16
131 353 9
131 407 13
131 643 3
132 191 6
132 363 11
132 663 5
132 676 4
132 692 1
132 741 9
132 884 12
132 930 2
132 989 15
133 507 11
133 778 6
134 231 7
134 475 12
134 630 9
134 951 4
135 246 2
135 355 14
135 509 13
135 515 9
135 614 11
135 704 13
135 720 13
135 911 9
135 966 11
136 150 5
136 164 9
136 188 7
136 351 2
136 485 16
136 927 15
137 182 7
137 186 7
137 243 8
137 465 14
137 716 4
137 921 1
138 510 9
138 558 6
138 808 3
138 915 9
139 320 11
139 472 5
139 731 16
140 156 2
140 236 6
140 242 13
140 394 4
140 402 5
140 725 14
141 164 12
141 810 12
141 879 15
142 204 12
142 503 15
142 542 2
142 557 13
142 691 2
142 748 3
142 797 11
143 298 12
143 887 15
143 891 8
144 238 12
144 792 16
144 871 12
144 894 15
144 905 4
145 311 8
145 448 7
145 460 12
145 507 6
145 607 13
145 627 11
145 643 14
146 217 15
146 318 14
146 440 2
146 489 1
146 593 15
146 736 16
146 986 1
147 189 9
147 287 3
147 375 2
147 377 1
147 410 8
147 417 10
147 846 5
148 270 7
148 419 2
148 427 8
148 461 11
148 538 6
148 622 2
148 653 16
148 844 11
148 894 3
149 369 12
149 639 5
149 840 14
149 865 8
149 947 4
150 163 2
150 350 5
150 377 14
150 753 5
151 208 10
151 387 10
151 393 13
151 405 2
151 553 11
151 825 7
151 833 13
151 999 8
152 694 11
153 320 7
153 430 16
153 590 10
153 625 16
153 709 8
153 960 3
154 206 8
154 396 13
154 581 15
154 792 13
154 836 3
154 996 7
155 488 12
155 635 10
155 726 8
155 823 9
156 165 6
156 574 5
156 792 3
157 272 15
157 294 12
157 450 4
157 602 14
157 930 14
157 934 4
158 442 16
158 531 9
159 217 5
159 253 9
159 618 12
159 851 1
160 286 6
160 360 12
160 362 3
160 452 11
160 515 10
160 725 14
160 765 8
160 925 3
161 235 1
161 846 11
161 852 7
161 893 6
161 899 7
161 958 11
162 300 6
162 332 15
163 187 3
163 248 7
163 874 13
164 254 15
164 429 1
165 379 5
165 621 1
165 638 4
165 774 8
165 880 1
166 441 15
166 474 1
167 296 11
167 307 1
167 512 11
167 573 7
167 574 16
167 623 14
167 873 8
168 187 2
168 263 7
168 637 9
168 654 16
168 783 9
168 830 5
169 395 6
169 429 8
169 556 15
169 573 12
169 951 6
170 326 8
170 549 13
170 566 2
170 602 11
170 654 6
170 891 5
170 932 12
171 408 13
171 645 1
171 848 12
171 977 2
172 523 16
172 687 13
172 717 7
172 729 7
172 853 13
173 515 15
173 535 1
173 652 9
173 751 9
173 777 9
173 809 9
173 947 8
174 213 3
174 498 16
174 518 11
174 612 1
174 650 15
174 778 10
175 422 6
175 480 16
176 209 7
176 225 11
176 238 3
176 273 1
176 586 1
176 762 10
177 317 4
177 375 12
177 426 6
177 536 13
177 557 4
177 817 15
177 827 1
178 413 7
178 462 7
178 465 7
178 726 7
178 835 11
178 919 1
178 991 1
179 193 16
179 206 2
179 349 15
179 570 5
179 608 4
179 684 2
179 712 6
179 717 7
179 927 9
180 345 1
180 464 5
180 519 13
180 800 6
180 833 5
180 978 9
181 475 1
181 602 13
181 745 10
181 791 11
181 816 13
182 276 2
182 298 14
182 548 10
182 592 16
182 594 8
182 890 15
183 205 11
183 329 4
183 554 16
183 761 12
183 976 14
184 254 8
184 442 7
184 468 13
184 534 2
184 833 2
185 359 2
185 942 16
186 393 2
186 586 1
186 618 6
186 703 1
186 923 16
187 269 15
187 426 5
187 559 13
187 639 16
187 708 3
187 757 1
188 302 2
188 350 6
188 527 7
189 374 11
189 599 3
189 905 3
190 220 9
190 258 7
190 405 2
190 667 7
190 749 15
190 800 16
190 843 11
191 647 13
191 673 5
191 876 16
192 449 11
192 454 8
192 558 15
192 653 4
192 664 13
192 683 4
192 767 12
193 203 8
193 409 7
193 653 6
193 867 12
193 904 1
194 298 13
194 726 4
194 867 11
195 321 4
195 843 11
195 943 2
196 384 16
196 428 14
196 821 5
197 264 15
197 284 12
197 299 8
198 210 2
198 362 12
198 512 1
198 649 4
198 786 15
198 814 13
199 358 10
199 434 16
199 596 13
199 629 2
199 762 11
199 794 5
199 806 16
199 956 7
200 276 15
200 290 11
200 388 12
200 948 2
201 553 11
201 735 14
202 289 6
202 376 8
202 566 13
202 758 12
202 800 2
203 285 1
203 349 2
203 363 11
203 375 4
203 536 10
203 544 14
203 700 10
203 747 15
203 936 2
203 982 9
204 250 3
204 525 11
204 842 12
204 989 8
206 374 13
206 535 6
206 692 4
206 814 10
206 954 9
207 228 16
207 324 14
207 370 12
207 587 13
207 743 8
208 598 11
208 660 13
208 679 14
208 823 13
208 993 5
209 266 6
209 381 9
209 612 13
209 723 3
210 266 12
210 645 14
211 427 1
211 768 14
211 915 4
211 989 9
212 225 1
212 689 6
212 880 9
213 235 8
213 616 15
213 730 9
214 223 2
214 394 4
214 738 5
214 878 13
215 302 3
215 310 10
215 343 13
215 788 13
215 837 12
215 977 6
216 341 2
216 384 3
216 399 15
217 288 5
217 324 9
217 367 2
217 523 11
217 707 11
217 881 9
218 299 4
218 363 9
218 779 4
218 849 5
219 440 3
219 544 12
219 549 2
219 792 5
220 241 16
220 484 16
220 600 2
221 305 3
221 916 5
222 414 5
222 485 3
222 810 15
222 834 15
223 429 3
223 444 4
223 475 6
223 808 16
223 911 5
224 464 2
224 623 15
225 252 5
225 440 16
225 491 3
225 606 16
225 734 12
225 824 10
225 841 4
225 965 5
225 970 12
226 491 2
226 626 8
226 923 6
227 357 3
227 602 11
227 828 14
228 641 10
229 247 15
229 428 3
229 509 7
229 548 16
229 557 12
229 815 15
229 832 3
229 885 1
230 474 6
230 614 8
230 700 15
230 972 9
231 246 3
231 512 4
231 570 12
231 747 6
232 235 4
232 254 4
232 519 13
232 581 5
232 861 8
232 950 3
233 353 14
233 649 1
233 784 3
233 917 14
233 942 5
233 978 12
234 322 13
234 337 14
234 391 3
234 440 2
234 457 16
234 886 13
234 972 5
235 361 14
235 445 13
235 642 13
235 955 15
236 583 12
236 592 7
237 619 7
237 647 5
237 667 4
237 793 1
238 297 13
238 349 5
238 478 3
238 796 10
238 921 6
239 272 5
239 343 9
239 425 9
239 632 5
239 685 6
239 718 3
239 754 11
239 970 8
240 420 4
240 643 10
240 650 6
241 289 3
241 323 12
241 416 4
241 583 11
242 310 3
242 683 8
243 518 1
243 949 6
244 415 13
244 476 14
244 480 1
244 602 4
244 923 3
245 627 2
245 937 9
246 288 9
246 488 11
246 521 9
246 563 3
246 616 2
246 667 11
246 693 9
246 719 2
247 389 1
247 396 8
247 602 13
247 791 8
248 307 8
248 589 4
249 264 16
249 344 14
249 543 5
249 649 1
249 878 8
250 575 3
251 345 8
251 360 13
251 422 11
251 489 7
251 533 2
251 549 14
251 562 2
251 874 9
251 933 5
252 274 16
252 348 11
252 569 16
252 731 11
252 936 14
253 414 2
253 898 12
254 339 3
254 361 13
254 581 4
254 866 12
254 998 10
255 279 3
255 301 6
255 532 16
255 642 3
255 653 6
255 799 15
255 838 4
256 386 1
256 452 11
256 645 8
256 648 12
256 792 15
257 441 14
257 534 11
257 615 15
257 689 4
257 739 5
257 834 7
257 914 9
258 339 7
258 496 10
258 614 15
258 982 6
259 586 13
259 992 2
260 391 1
260 774 14
261 584 9
261 660 9
261 846 3
262 315 6
262 325 5
262 540 5
262 575 15
262 819 14
263 600 1
263 611 5
263 615 16
263 645 6
263 648 9
263 674 4
263 744 9
263 777 4
263 800 2
263 825 8
264 269 11
264 284 16
264 312 5
264 413 14
264 424 13
264 557 3
264 854 7
264 946 11
264 989 13
265 420 14
265 523 3
265 596 11
265 612 14
265 971 6
266 402 6
266 496 7
266 530 10
266 686 6
266 819 14
266 880 10
266 949 16
267 392 11
267 434 3
267 524 16
267 745 7
267 761 10
267 872 13
268 300 9
268 543 2
268 730 3
268 742 5
268 837 11
268 871 1
268 877 1
269 293 10
269 332 1
269 517 6
269 621 4
270 325 9
270 361 10
270 372 11
270 658 3
270 689 5
270 809 14
270 903 4
270 979 6
271 355 6
271 451 11
271 694 7
272 354 11
273 353 11
273 369 5
273 390 1
273 621 12
273 881 12
273 966 15
274 320 3
274 401 5
274 628 3
274 876 2
274 883 4
275 766 8
275 889 15
275 934 9
276 303 16
276 307 7
276 436 1
276 755 16
276 993 1
277 314 14
277 453 9
277 892 4
277 981 14
278 481 15
278 544 14
279 437 8
279 867 16
280 397 5
280 673 15
281 380 6
281 438 10
281 771 10
281 857 14
281 943 11
282 352 13
282 533 7
282 603 9
282 630 6
282 641 7
282 768 15
282 778 12
282 928 4
283 423 9
283 603 7
283 726 9
284 424 16
284 518 11
284 717 7
284 810 10
285 293 10
285 323 4
285 691 2
285 914 11
286 747 9
286 799 14
287 365 8
287 548 10
287 601 11
287 737 3
287 766 1
287 786 4
287 885 2
288 301 16
288 395 11
288 680 7
288 889 14
288 891 15
288 895 10
288 896 3
289 313 12
289 403 16
290 748 11
290 771 8
290 916 9
290 957 16
291 342 2
291 452 5
291 562 4
291 573 9
291 588 11
291 970 16
291 995 15
292 462 3
292 482 8
292 512 14
292 867 16
292 933 4
292 954 8
292 991 1
293 648 14
293 759 1
293 834 13
293 864 12
294 342 10
294 994 5
295 385 6
295 465 13
295 644 1
295 818 12
295 838 8
296 546 11
296 969 4
296 993 9
297 751 16
297 817 13
297 824 1
297 842 13
297 899 9
297 969 16
297 980 10
298 518 5
298 618 16
298 743 9
298 859 15
298 970 13
298 989 7
299 451 16
299 543 16
300 555 3
300 619 13
300 642 7
300 694 16
300 758 10
300 843 7
300 852 8
301 416 12
301 929 7
302 494 10
302 802 14
302 833 5
302 858 9
302 875 6
303 443 13
303 524 16
303 665 3
304 405 11
304 554 9
304 621 1
304 988 1
305 708 10
305 729 7
306 428 15
306 821 13
306 880 12
306 924 16
307 382 16
307 396 5
307 422 8
307 538 6
307 660 13
307 802 7
307 944 1
307 972 8
307 975 3
308 426 12
308 549 2
308 556 14
308 695 8
308 991 14
309 344 7
309 483 14
309 493 13
309 518 11
309 692 4
309 832 5
310 323 1
310 505 13
310 541 4
310 971 12
311 362 9
311 663 1
311 754 3
311 974 8
312 532 6
312 803 10
312 875 14
313 441 9
313 832 5
313 889 16
313 895 15
314 388 1
314 645 6
314 741 15
314 840 13
314 904 13
315 522 3
315 568 3
315 686 16
315 764 8
315 769 7
317 532 7
317 933 4
318 502 11
318 608 1
318 626 13
318 693 12
318 825 3
318 936 10
319 480 2
319 488 8
319 533 6
319 656 7
319 703 1
319 814 10
319 860 9
319 911 13
319 972 16
320 442 5
320 660 13
321 384 15
321 433 3
321 633 8
321 837 8
322 367 4
322 462 8
323 479 2
323 638 16
324 628 1
324 738 15
324 758 9
324 984 16
325 606 6
325 830 15
325 869 1
325 968 9
326 910 6
327 547 15
327 573 11
327 796 5
328 351 12
328 380 14
328 402 3
328 454 12
328 487 11
328 649 14
328 784 6
328 854 9
328 897 13
329 358 13
329 626 14
329 656 11
330 353 11
330 500 7
330 691 2
330 774 7
330 868 3
331 649 4
331 928 7
332 505 7
332 564 13
332 750 2
332 881 9
333 493 6
334 398 8
334 545 6
334 556 10
334 737 13
334 740 1
334 814 12
334 917 16
335 664 6
335 814 2
335 864 3
335 930 9
336 489 16
336 830 2
336 962 13
337 345 13
337 478 6
337 590 6
337 877 13
338 454 13
338 521 11
338 675 7
339 413 16
339 468 5
339 478 13
339 597 9
339 599 7
339 606 2
339 780 2
339 883 8
340 555 4
341 443 8
341 606 5
341 772 9
341 992 13
342 362 13
342 424 2
342 449 4
342 469 7
342 558 8
342 641 16
342 755 13
343 675 12
343 801 3
344 399 5
344 506 8
344 575 4
344 662 9
344 731 15
344 850 6
344 982 1
344 998 6
345 444 9
345 528 13
346 444 14
346 717 15
346 735 11
346 870 14
346 935 11
347 479 7
347 567 10
347 586 5
347 688 1
347 869 8
349 372 2
349 579 11
350 392 1
350 458 5
350 535 16
350 950 9
351 379 4
352 505 14
352 571 7
352 662 4
352 885 5
353 519 14
353 587 5
353 871 12
354 463 12
354 511 13
355 390 6
355 642 8
355 900 7
356 828 16
357 606 13
357 770 16
357 773 3
357 941 15
358 669 8
358 963 1
359 476 2
359 568 3
359 768 9
359 927 7
360 504 8
360 574 2
360 987 14
361 407 2
361 654 6
361 769 2
361 782 13
361 956 8
362 702 15
362 748 11
362 964 9
363 407 12
363 431 6
363 488 8
363 491 12
363 666 1
363 677 13
363 691 4
364 764 16
365 424 5
365 475 7
365 520 16
365 777 12
365 801 13
366 471 3
366 489 8
366 496 3
366 700 9
367 570 8
367 687 16
367 706 6
367 887 15
368 510 8
368 522 1
368 598 3
368 678 9
368 753 12
368 790 1
369 520 8
369 760 2
369 801 13
370 375 13
370 585 2
371 377 16
371 428 7
371 580 10
372 485 6
372 562 7
372 746 8
373 421 3
373 436 3
373 827 1
373 972 15
374 382 5
374 431 11
374 464 6
374 550 3
374 611 12
374 679 6
375 821 13
375 911 9
375 936 9
376 656 11
376 768 3
376 826 13
376 927 2
377 409 15
377 709 2
378 446 11
378 453 9
378 566 4
378 592 9
378 622 7
378 643 13
379 396 4
379 552 13
379 594 8
380 549 13
380 699 11
380 942 6
381 388 2
381 673 9
382 387 5
382 466 4
382 495 8
382 660 11
382 789 8
383 574 2
383 719 8
383 726 13
383 790 16
383 849 16
383 990 4
384 666 7
384 685 13
384 692 10
385 441 5
385 633 13
385 691 11
385 723 3
385 893 5
385 956 6
386 398 2
386 409 11
386 561 5
386 687 8
386 759 9
386 835 9
387 699 12
387 919 7
388 426 1
388 723 13
388 792 9
389 697 15
389 829 12
389 926 1
390 552 9
390 554 11
390 778 2
390 985 12
391 620 16
391 958 3
392 611 1
392 689 8
392 718 13
392 729 11
392 820 13
393 507 13
393 593 5
393 784 16
394 534 6
394 610 2
394 655 16
394 692 13
394 699 9
394 737 15
394 786 1
394 984 16
394 988 11
395 428 2
395 467 1
396 532 5
396 571 10
396 980 9
396 990 16
397 615 14
397 938 14
398 432 12
398 579 13
398 620 11
398 696 7
398 788 6
399 666 4
399 766 12
399 860 13
399 963 10
399 974 7
400 671 2
401 450 11
402 428 3
402 827 5
403 442 11
403 586 7
403 598 8
403 682 5
403 916 13
404 428 14
404 736 5
404 922 13
404 940 14
404 990 14
405 422 5
405 810 10
405 979 13
406 627 12
406 863 13
407 684 12
407 952 6
408 416 2
408 462 6
408 493 6
408 568 6
408 582 3
408 794 1
408 831 1
409 468 5
409 676 8
410 527 2
410 749 4
410 810 7
410 988 8
411 617 1
411 822 11
412 677 3
412 712 15
412 778 15
412 799 7
412 977 1
413 541 1
413 626 11
413 764 5
413 916 12
414 478 13
414 698 10
414 836 11
414 877 4
414 886 14
415 443 3
415 717 5
415 753 3
416 590 15
416 592 9
416 650 5
416 901 9
417 463 11
417 768 15
417 807 8
418 706 10
418 925 9
419 554 3
419 673 5
419 801 3
420 612 12
420 872 1
420 888 9
421 453 8
421 454 2
421 661 10
421 884 15
422 732 1
422 802 4
422 812 10
423 483 9
423 744 4
423 873 8
424 435 7
424 569 3
425 520 7
425 587 7
425 663 16
425 799 9
425 823 13
425 843 11
425 940 7
426 520 1
426 825 14
427 534 3
427 728 2
427 750 8
427 973 7
428 558 13
428 723 8
429 474 4
429 502 8
429 612 12
429 746 9
429 800 10
429 844 9
429 849 2
429 970 15
430 476 3
430 925 13
431 522 10
431 609 15
431 648 12
431 751 3
431 859 3
431 867 14
432 802 11
433 868 10
434 435 15
434 460 6
434 526 14
434 527 14
434 719 7
434 936 5
435 584 2
435 862 9
436 599 9
436 659 5
436 864 3
437 612 6
437 635 6
438 546 12
438 854 12
439 453 1
439 771 15
439 995 10
440 448 6
440 512 2
440 681 5
441 485 5
441 486 14
441 516 5
441 684 8
441 694 14
441 933 12
442 473 5
442 480 13
442 531 6
442 569 7
442 687 14
442 692 12
442 895 15
442 977 5
443 745 4
443 773 10
443 812 4
443 978 16
444 758 15
445 500 9
445 535 14
445 548 7
445 591 10
445 656 11
445 692 5
445 874 13
446 607 3
446 692 13
447 761 3
447 839 10
448 509 14
448 520 13
448 654 5
448 751 14
448 776 9
448 814 15
449 949 12
450 543 4
450 561 1
450 723 10
450 937 9
451 540 4
451 582 8
451 633 5
451 697 2
451 716 15
451 958 6
452 742 10
452 924 10
453 537 7
453 752 1
454 721 9
454 844 5
454 933 16
455 497 14
455 943 15
455 991 5
456 499 2
456 746 11
456 966 7
457 548 3
457 864 6
457 974 3
458 534 14
458 552 13
458 582 2
458 592 9
458 720 11
459 635 13
459 756 12
459 935 8
460 556 11
460 872 1
461 560 4
461 765 12
462 731 4
462 744 10
462 842 8
463 673 12
463 711 13
463 918 6
464 597 13
464 635 2
464 694 13
464 884 4
464 910 6
464 959 3
465 479 14
465 616 6
465 648 5
465 749 5
466 535 8
466 617 6
466 839 6
466 900 8
466 983 5
467 483 9
467 857 13
467 891 8
468 481 8
468 668 12
468 827 16
469 500 13
469 672 13
469 859 5
470 483 6
470 909 2
471 546 12
471 757 13
471 906 3
471 935 14
472 500 8
472 915 6
472 940 1
473 603 6
473 631 6
473 682 6
473 708 4
473 810 1
473 939 4
474 494 10
474 846 2
475 555 3
475 568 14
475 680 16
475 704 4
475 996 7
476 719 7
476 734 5
476 786 2
476 800 2
476 923 1
477 926 9
478 547 8
478 778 8
478 792 1
478 836 3
478 858 10
479 545 8
480 635 3
481 484 8
481 642 15
481 784 14
481 846 15
482 575 6
482 724 16
482 792 14
482 981 7
483 798 8
483 825 5
483 990 11
484 686 7
484 710 10
484 712 2
484 768 7
484 939 12
484 979 6
485 573 7
485 708 13
485 822 6
486 585 16
486 636 14
487 546 3
487 561 14
487 725 10
487 841 3
487 909 10
487 927 11
487 950 3
487 962 7
487 974 9
488 751 12
489 651 13
489 778 8
489 871 8
489 971 2
490 745 2
490 767 2
490 820 9
490 849 9
490 956 16
491 686 6
491 704 6
491 705 12
491 751 10
491 784 4
492 767 9
492 786 10
492 819 10
492 977 12
493 794 5
493 852 6
493 992 10
494 731 3
494 842 9
495 783 10
495 963 11
496 530 1
496 554 12
496 832 1
497 538 16
497 755 14
498 577 12
498 680 12
498 920 5
499 657 16
499 730 2
499 946 5
500 640 12
500 684 14
500 711 6
500 834 13
500 863 5
500 916 9
501 531 9
501 580 9
501 733 7
502 525 8
502 537 15
503 763 2
503 798 11
503 966 7
505 648 11
505 786 9
505 925 11
506 554 13
506 778 12
506 819 16
506 995 4
507 527 11
507 616 15
507 623 7
507 662 3
508 625 1
509 520 13
509 766 10
509 860 6
510 717 13
510 889 5
510 925 14
510 981 15
511 619 8
511 708 13
511 763 1
512 590 7
512 785 16
512 913 11
512 963 9
513 549 5
513 762 1
513 866 4
514 598 12
514 684 6
514 710 12
514 827 10
515 546 6
515 570 12
515 601 4
515 663 7
515 792 7
515 895 6
515 961 11
516 801 6
516 835 15
517 940 14
518 609 1
518 830 6
518 902 11
519 749 1
519 925 8
519 954 5
520 731 2
520 795 7
520 980 8
521 553 6
521 650 5
521 898 4
522 659 16
522 728 3
524 578 4
524 715 13
524 842 9
525 549 1
525 749 1
525 903 6
526 630 2
526 693 10
527 569 3
527 738 3
527 781 11
527 785 9
527 805 6
527 844 9
527 889 9
527 894 2
529 692 10
529 848 13
530 584 15
530 599 8
531 670 9
531 766 12
531 814 15
531 933 6
532 918 11
532 932 4
533 555 6
534 621 14
536 603 13
536 920 2
536 985 8
537 786 11
538 634 6
538 825 15
538 836 12
538 948 9
539 548 12
539 724 15
539 932 6
539 937 10
539 941 12
540 642 8
540 762 2
541 568 9
541 578 10
541 593 7
541 719 6
541 738 5
541 781 5
542 636 6
542 982 13
542 999 13
543 551 14
543 828 9
544 789 10
544 798 5
544 926 10
544 928 6
545 725 7
545 809 15
546 567 10
546 714 8
546 716 8
546 752 8
546 795 15
547 592 7
547 681 15
547 869 1
547 988 13
548 835 14
549 566 14
549 595 1
549 838 14
550 786 14
551 669 12
551 693 11
551 975 16
552 802 13
553 835 9
553 899 7
554 676 11
554 732 4
554 979 4
555 704 6
556 658 6
557 837 6
557 962 15
558 635 6
558 788 2
558 949 15
558 972 6
558 994 10
559 598 4
559 948 13
560 713 3
561 979 7
562 572 16
562 622 16
562 943 16
562 970 10
563 662 10
563 863 3
564 886 12
566 784 13
567 767 13
567 874 1
568 630 9
568 841 7
568 946 16
569 843 9
570 732 16
570 859 2
571 707 5
571 948 2
571 959 12
572 790 13
572 799 2
572 829 10
572 994 6
573 681 5
574 576 16
574 841 4
575 614 6
575 698 4
575 817 3
575 934 6
576 634 12
577 708 10
577 725 5
577 739 8
577 766 2
578 765 1
579 650 7
580 693 15
580 827 2
580 883 9
580 980 11
581 643 10
581 712 7
581 744 4
581 764 3
581 986 4
582 597 16
582 636 5
582 793 1
582 918 14
582 951 11
582 975 16
583 586 7
583 729 8
583 872 11
584 922 3
584 973 15
585 745 8
585 869 1
585 898 6
586 657 1
586 910 6
586 920 1
587 593 10
587 677 15
587 760 10
587 899 16
587 914 14
587 985 1
588 725 4
589 634 12
590 751 1
590 853 6
591 751 6
591 913 8
591 991 15
592 671 7
592 692 12
592 718 1
592 777 1
592 787 10
592 850 2
593 633 2
593 669 15
593 691 8
593 924 10
593 973 4
595 821 12
596 699 16
596 998 14
598 773 7
598 822 10
598 884 7
599 664 16
599 735 10
599 824 4
600 803 1
601 846 8
602 671 16
602 812 7
602 868 12
602 899 13
602 922 12
602 925 1
602 938 16
603 640 10
603 793 13
603 874 13
603 955 2
604 631 2
604 669 12
604 699 9
604 852 14
605 626 2
605 788 2
606 612 9
606 719 9
606 728 16
607 751 1
608 669 1
608 730 1
608 741 6
608 749 9
608 775 5
608 860 6
608 869 9
609 743 2
609 800 16
610 976 13
611 613 5
611 618 16
613 755 4
615 617 5
615 675 14
615 824 11
615 850 6
615 853 11
615 909 15
615 953 6
615 981 7
616 694 16
616 698 15
616 717 4
616 985 11
617 670 12
618 699 11
618 856 6
619 886 13
619 978 5
620 812 6
621 865 4
621 900 12
621 958 8
622 625 7
622 792 10
622 796 2
622 903 6
623 647 2
623 761 6
623 880 7
623 962 11
624 769 5
624 883 2
625 645 5
625 706 14
625 722 14
625 889 10
626 644 15
626 894 13
627 842 7
628 935 10
629 662 3
630 837 15
630 948 7
631 741 4
632 673 6
633 734 14
634 714 1
635 692 10
636 706 4
636 887 14
637 850 12
638 699 8
638 746 6
640 693 5
640 777 14
640 975 1
642 889 6
642 899 13
642 922 8
643 708 5
643 837 5
643 955 5
646 687 7
646 774 13
646 880 2
647 844 2
648 679 13
648 733 1
648 837 6
648 895 10
648 940 9
648 983 1
650 662 13
650 672 12
650 865 9
650 928 4
650 951 9
651 932 3
651 963 7
652 890 5
652 900 8
653 862 3
654 831 7
654 943 14
655 850 14
655 899 9
655 913 15
656 666 12
656 755 12
656 815 5
656 883 8
657 669 3
657 750 2
657 921 15
658 709 5
658 782 8
658 925 8
658 933 12
659 752 15
659 778 2
659 905 8
659 911 3
659 915 4
660 853 14
660 912 14
660 926 15
660 929 1
661 939 14
661 999 16
662 818 8
663 711 11
663 814 11
664 752 2
664 866 13
664 952 3
665 878 7
665 941 11
666 732 4
666 747 1
666 793 16
666 903 7
667 676 10
667 801 9
667 982 13
668 814 7
669 782 5
669 846 10
669 905 2
671 717 11
671 724 6
671 757 13
671 800 7
673 833 10
674 676 6
674 855 13
675 870 16
675 932 4
676 988 3
677 683 10
677 863 14
677 905 1
677 997 1
678 915 6
680 861 6
681 683 10
681 841 2
681 852 2
682 728 2
682 807 6
682 890 14
683 875 11
683 969 10
684 903 9
684 929 1
685 692 2
686 694 11
686 745 14
687 730 16
687 812 12
688 827 1
688 891 2
690 814 15
691 872 7
693 835 3
693 963 8
694 738 11
695 906 11
695 942 11
695 990 4
696 765 12
696 976 9
696 990 5
697 815 2
698 733 14
698 978 13
699 714 3
699 878 1
700 804 13
701 784 9
701 971 12
702 834 11
703 722 2
703 916 13
704 803 2
704 946 5
706 812 5
707 743 4
707 800 13
707 822 9
709 793 12
709 915 13
710 759 4
710 798 14
710 810 2
712 971 13
713 851 10
714 917 7
715 854 1
715 904 16
715 912 12
718 911 4
720 986 9
723 969 14
724 897 8
725 856 1
725 903 11
725 969 15
726 743 16
726 784 16
726 867 7
727 860 5
729 741 4
730 767 7
730 813 15
731 946 13
731 978 11
733 736 1
733 738 14
733 784 3
733 885 7
735 765 6
737 941 4
740 906 4
740 930 6
741 887 14
742 797 2
742 810 4
742 858 6
742 906 3
742 967 8
743 755 5
744 831 2
744 877 2
745 917 4
747 776 6
747 820 14
747 837 11
748 994 11
749 909 12
749 988 14
750 790 11
750 910 2
751 756 8
751 759 8
752 772 7
752 941 3
753 942 2
754 980 7
755 759 6
755 763 10
755 767 13
757 938 6
758 786 12
759 844 13
759 857 1
759 952 9
760 769 14
760 797 5
760 953 9
761 786 14
761 936 8
762 886 1
763 781 11
763 873 15
763 957 4
765 887 10
766 922 12
767 814 10
768 925 12
768 941 6
769 911 10
771 865 14
771 898 16
774 802 9
774 982 9
775 915 15
775 986 9
777 851 13
777 912 7
778 800 11
779 994 13
779 998 16
780 978 16
781 817 7
781 943 2
781 951 15
782 886 2
782 898 8
783 798 6
783 968 1
784 977 11
785 908 1
786 918 13
787 858 12
790 892 14
790 960 3
792 819 1
792 948 8
793 980 5
794 897 14
794 929 13
796 828 8
798 826 1
798 870 12
798 910 11
798 943 12
799 929 13
799 930 10
800 982 6
801 947 14
802 873 14
803 844 16
804 987 13
806 921 5
807 992 10
808 832 16
809 924 4
810 830 7
810 912 12
811 867 10
811 942 3
812 846 1
812 936 3
812 997 6
813 924 6
814 874 7
814 956 9
816 862 1
816 872 6
817 849 2
817 940 3
819 905 3
822 951 6
823 983 16
824 951 2
826 839 15
827 847 9
827 956 10
828 961 11
829 981 10
831 885 1
833 863 9
834 847 13
834 920 8
836 904 16
836 967 16
837 866 9
841 882 16
841 967 12
841 972 13
843 945 11
845 885 11
845 898 4
846 971 14
847 915 16
848 973 7
850 851 3
850 886 4
854 943 3
856 874 1
857 954 15
860 950 3
861 873 2
861 965 13
862 976 4
863 925 11
864 940 2
864 980 13
866 926 3
872 983 3
874 926 14
874 987 10
884 922 8
885 958 10
886 910 11
888 918 4
888 956 3
890 915 15
890 954 6
890 982 11
894 972 5
895 913 2
895 959 12
897 953 8
898 941 14
902 915 8
905 965 5
906 954 12
907 921 1
909 924 7
912 982 7
913 969 5
914 992 5
922 952 12
926 940 10
927 953 15
930 942 6
930 966 9
934 956 5
934 963 13
939 967 13
940 970 4
943 969 10
944 958 11
948 989 1
962 985 10
963 979 3
965 987 14
972 981 11
974 980 12
978 994 12
983 990 1
987 996 1
989 998 7
1 684 928
2 212 788
3 259 844
4 188 354
6 784 609
7 932 43
7 322 694
7 895 638
8 583 370
9 3 795
9 660 798
10 221 523
10 227 831
15 943 954
16 773 172
16 390 478
16 99 165
17 908 833
17 444 751
17 251 112
18 280 313
20 462 981
21 844 220
21 902 900
22 876 503
26 837 94
27 229 845
28 479 458
28 148 785
30 448 149
32 860 266
32 870 903
32 659 704
32 363 193
33 383 563
33 482 25
34 712 523
35 90 326
35 104 988
38 861 932
38 171 672
38 0 904
38 2 443
38 638 720
38 797 160
40 418 665
42 611 772
43 964 939
45 396 94
45 69 764
47 744 254
47 607 619
48 4 794
49 241 412
50 371 50
51 414 786
51 550 218
53 651 383
53 500 483
53 102 435
54 534 590
55 533 838
57 733 362
57 101 752
61 494 17
66 143 717
67 532 808
68 80 325
70 230 135
70 961 698
77 563 161
79 164 173
79 655 459
80 565 96
84 232 932
86 261 996
86 39 620
90 778 210
91 656 967
92 266 845
92 849 119
92 434 567
93 417 268
93 34 86
93 891 74
96 481 410
