100 2500 28 22
65 95 26 54 93 89 66 97 30 46 73 94 87 53 26 60 95 54 1 54 91 91
0 1 17
0 2 11
0 3 10
0 4 8
0 5 9
0 6 7
0 7 10
0 8 18
0 9 1
0 10 11
0 11 7
0 12 7
0 13 5
0 14 20
0 15 15
0 16 2
0 17 16
0 18 18
0 19 16
0 20 16
0 21 3
0 22 19
0 23 14
0 24 19
0 25 9
0 26 1
0 27 15
0 28 11
0 29 2
0 30 8
0 31 20
0 32 4
0 33 14
0 34 14
0 35 18
0 36 16
0 37 10
0 38 7
0 39 13
0 40 7
0 41 1
0 42 17
0 43 15
0 44 2
0 45 4
0 46 4
0 47 8
0 48 9
0 49 11
0 50 19
0 51 9
0 52 11
0 53 2
0 54 4
0 55 15
0 56 15
0 57 11
0 58 5
0 59 11
0 60 15
0 61 19
0 62 9
0 63 19
0 64 8
0 65 1
0 66 13
0 67 7
0 68 13
0 69 20
0 70 11
0 71 12
0 72 5
0 73 12
0 74 13
0 75 14
0 76 17
0 77 20
0 78 16
0 79 18
0 80 7
0 81 8
0 82 3
0 83 15
0 84 3
0 85 17
0 86 10
0 87 16
0 89 8
0 90 14
0 92 8
0 93 18
0 95 12
0 97 9
0 98 13
0 99 11
1 51 8
1 52 14
1 53 8
1 54 13
1 55 4
1 56 14
1 57 16
1 59 17
1 60 16
1 61 1
1 62 7
1 65 20
1 66 20
1 68 16
1 69 18
1 73 20
1 75 20
1 76 9
1 78 17
1 80 2
1 81 2
1 83 19
1 84 9
1 85 15
1 87 1
1 94 1
1 95 8
1 98 11
1 99 18
2 51 2
2 52 17
2 53 11
2 54 4
2 55 9
2 56 17
2 57 6
2 59 16
2 60 3
2 61 17
2 62 9
2 63 20
2 64 18
2 65 9
2 66 18
2 67 5
2 68 18
2 72 5
2 73 13
2 76 15
2 82 8
2 84 6
2 85 2
2 91 11
2 92 10
2 98 15
3 51 5
3 52 12
3 53 13
3 54 4
3 55 2
3 56 12
3 57 4
3 58 15
3 59 1
3 60 10
3 61 12
3 62 10
3 64 14
3 65 19
3 68 7
3 69 19
3 70 10
3 71 1
3 72 11
3 74 11
3 76 10
3 77 10
3 79 2
3 80 3
3 85 7
3 88 6
3 90 3
3 93 9
3 94 11
3 95 4
3 98 14
3 99 19
4 51 20
4 52 4
4 53 10
4 54 11
4 55 6
4 57 14
4 58 18
4 60 11
4 62 3
4 65 5
4 67 13
4 69 10
4 70 17
4 74 1
4 76 3
4 78 10
4 83 9
4 85 18
4 90 15
4 91 12
4 93 7
4 95 4
4 96 4
5 51 2
5 52 1
5 53 14
5 54 1
5 55 12
5 56 16
5 57 15
5 58 3
5 59 18
5 60 13
5 61 17
5 62 12
5 63 12
5 64 10
5 65 4
5 67 17
5 68 20
5 69 14
5 71 6
5 72 13
5 75 11
5 76 2
5 77 15
5 79 11
5 80 14
5 81 17
5 82 8
5 83 17
5 85 19
5 87 5
5 89 13
5 90 15
5 92 6
5 98 17
6 51 2
6 52 18
6 53 20
6 56 16
6 57 1
6 58 13
6 59 19
6 63 1
6 64 16
6 68 7
6 72 6
6 73 18
6 74 14
6 79 5
6 80 9
6 81 5
6 84 17
6 85 20
6 86 20
6 88 5
6 91 14
6 92 4
6 93 4
6 95 5
6 99 17
7 51 18
7 52 19
7 53 16
7 54 9
7 55 9
7 56 14
7 57 18
7 58 5
7 59 11
7 61 13
7 62 3
7 63 7
7 64 3
7 65 14
7 66 4
7 67 18
7 68 14
7 69 20
7 70 13
7 71 9
7 73 13
7 75 2
7 76 14
7 77 15
7 79 5
7 81 19
7 82 9
7 86 18
7 89 18
7 90 1
7 92 12
7 97 18
7 99 14
8 51 8
8 52 5
8 53 19
8 54 9
8 55 4
8 56 4
8 58 9
8 59 12
8 60 20
8 61 6
8 62 11
8 63 9
8 64 5
8 67 19
8 68 1
8 69 12
8 71 4
8 73 8
8 74 1
8 81 2
8 86 16
8 87 7
8 88 4
8 90 20
8 91 4
8 92 20
8 93 19
8 94 15
8 95 13
9 51 8
9 52 3
9 53 13
9 54 17
9 55 16
9 56 19
9 57 7
9 59 16
9 60 4
9 61 11
9 62 12
9 63 20
9 64 4
9 67 17
9 68 20
9 69 11
9 70 11
9 72 8
9 77 3
9 82 16
9 83 7
9 86 17
9 87 20
9 88 5
9 90 14
9 93 19
9 94 12
10 51 9
10 52 19
10 53 11
10 54 15
10 55 16
10 56 10
10 57 13
10 58 3
10 59 10
10 60 12
10 61 18
10 62 4
10 64 19
10 65 6
10 67 19
10 69 5
10 70 9
10 71 18
10 72 12
10 73 18
10 74 15
10 77 9
10 78 11
10 79 15
10 82 13
10 83 8
10 85 6
10 87 14
10 88 20
10 94 7
10 95 13
10 97 16
10 98 6
11 54 14
11 60 8
11 63 5
11 64 9
11 73 4
11 74 18
11 78 16
12 51 19
12 52 2
12 53 5
12 54 10
12 55 11
12 56 20
12 57 7
12 58 15
12 59 12
12 60 13
12 61 16
12 62 10
12 63 7
12 64 19
12 70 4
12 73 15
12 74 9
12 75 20
12 77 7
12 81 4
12 82 5
12 83 19
12 84 8
12 85 10
12 86 12
12 89 7
12 90 6
12 91 19
12 92 12
12 97 16
13 51 7
13 52 7
13 53 8
13 54 16
13 55 3
13 56 1
13 57 15
13 58 8
13 59 16
13 60 19
13 61 14
13 62 18
13 65 3
13 67 11
13 68 12
13 69 9
13 70 3
13 73 14
13 74 12
13 77 10
13 79 18
13 82 12
13 83 9
13 85 5
13 87 3
13 89 11
13 91 1
13 92 2
13 93 11
13 94 14
13 95 12
13 98 19
14 51 3
14 52 11
14 53 11
14 55 19
14 56 15
14 57 2
14 58 6
14 59 13
14 60 3
14 61 2
14 62 13
14 63 20
14 64 20
14 65 7
14 66 13
14 68 17
14 70 14
14 71 5
14 72 8
14 75 8
14 77 11
14 80 1
14 82 18
14 94 7
14 96 1
15 51 19
15 54 19
15 55 4
15 57 14
15 58 20
15 59 10
15 60 19
15 61 3
15 63 12
15 64 5
15 65 4
15 66 15
15 67 10
15 68 4
15 69 20
15 70 9
15 71 12
15 74 10
15 75 3
15 77 1
15 80 1
15 81 9
15 83 6
15 87 12
15 88 6
15 89 13
15 91 11
15 92 14
15 93 16
15 96 9
15 97 12
15 98 8
16 51 4
16 52 15
16 53 9
16 54 19
16 55 1
16 56 5
16 57 2
16 58 19
16 59 14
16 60 8
16 61 18
16 62 5
16 63 2
16 68 13
16 69 2
16 70 2
16 71 2
16 72 6
16 73 15
16 77 6
16 78 4
16 80 2
16 81 9
16 82 16
16 84 10
16 87 18
16 88 19
16 89 12
16 91 9
16 92 18
16 94 4
16 95 17
16 96 13
16 99 10
17 51 3
17 52 19
17 53 3
17 54 11
17 55 19
17 56 16
17 57 9
17 58 10
17 59 9
17 61 1
17 64 18
17 65 12
17 66 14
17 68 20
17 69 18
17 71 4
17 73 9
17 75 5
17 78 20
17 79 5
17 84 18
17 88 10
17 89 14
17 99 2
18 51 18
18 52 13
18 53 10
18 54 17
18 55 4
18 56 8
18 57 20
18 58 20
18 59 20
18 60 5
18 61 13
18 62 20
18 63 5
18 64 10
18 65 20
18 66 11
18 67 6
18 70 18
18 71 1
18 72 12
18 73 15
18 76 8
18 77 13
18 80 6
18 81 10
18 82 18
18 83 6
18 85 6
18 86 5
18 89 8
18 90 1
18 93 2
18 96 5
18 97 13
18 99 4
19 51 8
19 52 4
19 53 4
19 54 14
19 55 11
19 56 15
19 57 18
19 58 6
19 59 6
19 60 5
19 61 15
19 62 11
19 63 7
19 64 3
19 65 18
19 66 14
19 68 19
19 69 4
19 70 7
19 72 8
19 73 13
19 75 17
19 76 20
19 77 6
19 78 7
19 79 9
19 80 4
19 84 20
19 88 3
19 89 14
19 93 14
19 96 5
20 51 17
20 52 14
20 53 13
20 54 12
20 55 1
20 56 1
20 57 3
20 58 4
20 59 20
20 60 16
20 63 9
20 65 3
20 66 19
20 67 3
20 68 6
20 70 11
20 72 16
20 73 13
20 75 11
20 77 17
20 79 18
20 80 3
20 81 4
20 84 7
20 86 8
20 88 5
20 89 14
20 94 15
20 96 7
20 97 11
20 99 10
21 51 2
21 52 13
21 53 15
21 54 19
21 55 17
21 56 5
21 57 20
21 58 6
21 59 17
21 60 19
21 62 9
21 63 12
21 64 6
21 65 4
21 66 9
21 67 13
21 68 12
21 69 15
21 71 5
21 72 8
21 73 17
21 74 14
21 75 5
21 77 10
21 78 10
21 79 14
21 80 14
21 83 5
21 84 10
21 87 13
21 89 9
21 98 9
21 99 15
22 51 6
22 52 16
22 53 11
22 54 15
22 55 7
22 57 20
22 59 17
22 61 2
22 62 6
22 64 7
22 65 13
22 67 12
22 68 4
22 72 1
22 73 7
22 78 13
22 79 12
22 80 6
22 82 11
22 84 4
22 85 19
22 96 19
23 51 14
23 52 6
23 53 3
23 54 10
23 55 8
23 56 7
23 57 13
23 58 14
23 59 18
23 60 17
23 61 2
23 66 4
23 67 3
23 68 4
23 72 14
23 75 20
23 76 12
23 78 8
23 80 9
23 82 7
23 84 18
23 86 19
23 91 11
23 97 12
23 99 13
24 51 17
24 52 14
24 53 17
24 54 15
24 55 3
24 56 7
24 58 18
24 59 19
24 61 5
24 62 6
24 63 10
24 64 6
24 65 10
24 66 17
24 67 20
24 68 5
24 70 2
24 71 14
24 72 10
24 74 16
24 75 14
24 76 10
24 78 2
24 81 2
24 83 9
24 85 14
24 86 4
24 88 16
24 90 6
24 91 4
24 94 11
24 96 14
24 97 15
25 51 9
25 52 1
25 53 13
25 54 2
25 55 8
25 56 4
25 57 13
25 58 5
25 59 19
25 61 20
25 63 7
25 64 15
25 65 10
25 66 6
25 68 12
25 69 6
25 70 20
25 71 19
25 72 7
25 73 16
25 74 12
25 75 7
25 76 20
25 78 15
25 80 12
25 81 1
25 84 14
25 85 15
25 95 17
25 98 8
25 99 16
26 51 12
26 52 7
26 53 2
26 55 4
26 58 12
26 60 17
26 62 18
26 63 16
26 64 4
26 65 13
26 66 2
26 67 1
26 72 1
26 85 4
26 87 12
26 89 13
26 99 15
27 51 14
27 52 5
27 53 12
27 54 17
27 55 11
27 56 13
27 57 2
27 58 7
27 59 8
27 60 16
27 61 3
27 62 14
27 64 14
27 65 14
27 66 12
27 68 6
27 71 13
27 73 20
27 74 4
27 77 8
27 78 6
27 79 12
27 80 14
27 82 10
27 87 2
27 88 16
27 91 4
27 96 14
27 97 15
27 99 19
28 51 16
28 52 6
28 53 11
28 54 16
28 55 18
28 56 4
28 57 10
28 58 15
28 59 16
28 60 9
28 62 13
28 63 4
28 64 5
28 65 17
28 66 4
28 69 14
28 71 12
28 72 6
28 74 16
28 75 15
28 77 17
28 78 7
28 79 6
28 81 4
28 82 3
28 83 14
28 88 6
28 89 6
28 90 7
28 91 8
28 93 5
28 94 1
28 95 8
28 96 19
28 97 14
29 51 1
29 52 2
29 53 3
29 54 5
29 55 12
29 59 12
29 60 7
29 61 20
29 63 9
29 64 15
29 65 18
29 66 11
29 69 1
29 72 6
29 73 16
29 77 14
29 78 3
29 79 19
29 80 16
29 81 11
29 86 12
29 89 6
29 90 4
29 94 13
29 95 19
29 96 1
29 98 17
30 51 6
30 52 18
30 53 16
30 54 5
30 55 1
30 56 18
30 57 4
30 58 2
30 59 2
30 62 6
30 64 11
30 65 6
30 66 7
30 67 17
30 69 5
30 70 1
30 71 17
30 72 8
30 74 2
30 75 4
30 76 18
30 80 16
30 83 11
30 84 19
30 89 9
30 90 20
30 95 6
30 96 8
31 51 3
31 52 5
31 53 20
31 54 13
31 55 3
31 56 6
31 57 16
31 58 10
31 59 1
31 60 14
31 61 4
31 63 19
31 64 17
31 69 9
31 70 12
31 71 7
31 72 6
31 77 19
31 80 20
31 81 20
31 83 20
31 84 7
31 90 10
31 91 8
31 92 8
31 93 11
31 95 17
32 51 17
32 52 1
32 53 19
32 54 2
32 56 1
32 57 11
32 58 1
32 60 18
32 64 14
32 65 18
32 66 13
32 67 14
32 69 18
32 71 11
32 72 10
32 73 8
32 75 14
32 76 12
32 84 17
32 85 4
32 86 2
32 87 10
32 89 10
32 90 7
32 91 13
32 93 11
32 95 14
32 98 16
33 51 6
33 52 15
33 53 7
33 54 20
33 55 15
33 56 6
33 57 7
33 58 7
33 59 20
33 60 6
33 62 1
33 63 4
33 65 3
33 66 17
33 67 12
33 70 5
33 73 20
33 75 17
33 76 13
33 84 3
33 85 9
33 87 16
33 90 7
33 91 14
33 95 4
34 51 2
34 52 19
34 53 16
34 54 12
34 55 7
34 56 11
34 57 10
34 58 7
34 60 2
34 61 1
34 62 7
34 63 19
34 64 14
34 65 4
34 66 4
34 67 17
34 70 9
34 71 16
34 72 8
34 73 11
34 74 6
34 76 19
34 78 5
34 79 9
34 83 4
34 84 5
34 85 18
34 87 4
34 92 15
34 93 7
34 94 14
34 97 9
34 99 5
35 51 6
35 52 11
35 53 14
35 54 10
35 55 7
35 56 13
35 57 18
35 58 3
35 60 1
35 61 5
35 62 15
35 63 5
35 64 15
35 67 12
35 69 14
35 70 17
35 71 2
35 76 20
35 81 11
35 82 20
35 83 20
35 84 19
35 86 18
35 88 8
35 91 15
35 92 3
35 93 8
35 95 6
35 97 18
35 98 4
36 51 17
36 52 16
36 53 17
36 54 7
36 55 18
36 56 18
36 57 17
36 58 16
36 59 19
36 60 16
36 61 10
36 62 3
36 63 15
36 64 20
36 65 10
36 66 11
36 67 1
36 68 15
36 69 1
36 70 19
36 73 14
36 74 12
36 75 15
36 76 3
36 77 17
36 78 6
36 79 12
36 80 12
36 81 15
36 86 5
36 88 3
36 92 10
36 93 20
36 94 19
36 97 8
36 98 14
37 51 5
37 52 10
37 53 15
37 54 18
37 56 1
37 57 6
37 58 10
37 59 6
37 60 17
37 61 19
37 62 7
37 63 13
37 65 10
37 66 3
37 67 12
37 68 13
37 69 3
37 70 3
37 71 6
37 73 19
37 75 3
37 76 4
37 77 5
37 78 5
37 80 9
37 81 4
37 84 11
37 85 7
37 89 14
37 91 18
37 92 15
37 93 4
37 97 20
37 99 2
38 51 4
38 52 14
38 53 13
38 54 11
38 55 5
38 56 11
38 57 16
38 58 17
38 60 5
38 61 10
38 62 18
38 63 19
38 64 20
38 65 10
38 66 3
38 67 3
38 68 8
38 72 11
38 75 15
38 76 14
38 77 6
38 79 14
38 81 17
38 85 18
38 86 8
38 87 10
38 88 7
38 89 8
38 90 5
38 91 11
38 92 14
38 94 2
38 95 1
38 96 4
38 98 18
39 51 8
39 52 4
39 53 11
39 54 2
39 55 16
39 56 20
39 57 2
39 58 14
39 59 11
39 60 5
39 61 10
39 62 7
39 63 2
39 64 3
39 65 7
39 66 18
39 67 20
39 68 14
39 69 14
39 71 2
39 72 2
39 74 17
39 78 2
39 79 11
39 83 6
39 85 10
39 86 8
39 90 1
39 91 20
39 94 7
39 96 2
40 51 9
40 52 14
40 53 8
40 54 13
40 55 13
40 56 13
40 57 10
40 58 17
40 59 2
40 61 2
40 62 13
40 63 3
40 66 14
40 67 8
40 68 20
40 69 13
40 70 11
40 72 3
40 73 7
40 74 15
40 78 9
40 79 15
40 80 8
40 82 16
40 87 1
40 88 1
40 90 9
40 91 13
40 95 7
40 96 20
40 97 16
40 98 1
41 51 9
41 52 3
41 53 9
41 54 13
41 55 15
41 56 17
41 57 9
41 58 9
41 59 3
41 61 9
41 63 5
41 64 3
41 65 12
41 66 4
41 68 9
41 70 17
41 72 8
41 73 4
41 75 10
41 77 5
41 78 9
41 80 3
41 82 15
41 84 20
41 86 13
41 89 10
41 91 20
41 92 6
41 94 12
41 96 9
41 97 1
41 98 14
41 99 14
42 51 14
42 52 19
42 55 13
42 56 4
42 58 17
42 59 8
42 60 3
42 61 11
42 62 12
42 63 17
42 64 14
42 66 17
42 67 10
42 68 11
42 71 4
42 72 2
42 73 18
42 74 1
42 75 18
42 76 4
42 78 1
42 79 9
42 80 7
42 81 19
42 82 5
42 83 11
42 84 20
42 85 16
42 86 9
42 88 16
42 89 17
42 93 1
42 95 6
42 96 3
42 99 5
43 51 15
43 52 15
43 53 13
43 54 18
43 55 4
43 56 5
43 58 7
43 59 11
43 60 16
43 62 8
43 65 17
43 66 17
43 67 1
43 68 8
43 70 2
43 71 3
43 72 18
43 75 17
43 76 8
43 77 5
43 79 4
43 80 13
43 81 13
43 84 13
43 86 4
43 89 5
43 93 18
43 95 17
43 96 2
43 98 15
43 99 15
44 51 8
44 52 10
44 53 3
44 54 16
44 56 4
44 57 11
44 58 3
44 60 14
44 61 5
44 62 16
44 63 16
44 66 14
44 67 11
44 68 14
44 69 14
44 70 5
44 71 15
44 74 3
44 76 14
44 79 1
44 80 11
44 81 17
44 83 12
44 86 3
44 87 12
44 89 3
44 90 18
45 51 5
45 52 3
45 53 7
45 54 16
45 55 17
45 56 14
45 57 19
45 58 13
45 60 15
45 61 12
45 62 4
45 63 2
45 64 2
45 65 4
45 67 15
45 68 1
45 69 16
45 70 10
45 71 19
45 73 7
45 74 14
45 77 20
45 78 7
45 79 13
45 80 10
45 82 9
45 84 5
45 85 16
45 86 9
45 91 3
45 92 16
45 93 3
45 95 14
45 97 5
46 51 3
46 52 19
46 53 11
46 54 6
46 55 6
46 56 14
46 57 5
46 59 13
46 61 5
46 71 8
46 74 4
46 76 17
46 77 2
46 81 13
46 82 6
46 83 17
46 85 14
46 86 14
46 91 14
47 51 2
47 52 15
47 53 14
47 54 12
47 55 8
47 56 20
47 57 19
47 58 13
47 59 16
47 60 4
47 61 2
47 62 12
47 63 13
47 64 13
47 65 15
47 66 13
47 68 3
47 69 18
47 70 16
47 74 17
47 75 5
47 76 20
47 77 14
47 78 15
47 80 1
47 84 3
47 85 11
47 86 18
47 87 9
47 90 19
47 93 20
48 51 15
48 52 5
48 53 12
48 54 4
48 55 13
48 56 8
48 57 8
48 59 5
48 60 3
48 61 2
48 62 2
48 63 20
48 64 5
48 65 18
48 66 1
48 67 6
48 69 4
48 71 16
48 75 14
48 76 2
48 79 5
48 80 10
48 84 10
48 87 6
48 88 16
48 90 9
48 92 17
48 95 17
48 98 10
48 99 1
49 51 13
49 52 19
49 53 15
49 54 18
49 55 20
49 56 3
49 57 14
49 58 2
49 59 12
49 60 7
49 61 1
49 62 18
49 63 12
49 64 12
49 66 8
49 67 1
49 69 7
49 70 15
49 71 14
49 74 15
49 75 3
49 78 5
49 82 19
49 83 8
49 84 15
49 85 10
49 86 2
49 89 11
49 92 16
49 93 14
49 95 13
49 97 2
50 51 5
50 52 11
50 53 11
50 54 6
50 55 17
50 56 6
50 57 3
50 58 13
50 59 3
50 60 8
50 61 5
50 62 11
50 63 2
50 66 17
50 67 14
50 68 20
50 69 16
50 70 2
50 71 20
50 74 20
50 76 20
50 80 1
50 81 5
50 82 16
50 86 19
50 88 10
50 89 17
50 94 18
50 97 5
50 98 7
51 52 18
51 53 15
51 54 9
51 55 19
51 56 20
51 57 12
51 58 13
51 59 1
51 60 17
51 61 13
51 62 17
51 63 2
51 64 7
51 65 1
51 66 9
51 67 4
51 68 8
51 69 5
51 70 5
51 71 7
51 72 19
51 73 6
51 74 12
51 75 13
51 76 2
51 77 14
51 78 8
51 79 17
51 80 10
51 81 14
51 82 15
51 83 5
51 85 7
51 86 15
51 87 20
51 88 8
51 89 15
51 90 6
51 91 7
51 92 6
51 94 1
51 95 20
51 97 2
51 98 2
52 53 1
52 54 7
52 55 3
52 56 1
52 57 14
52 58 1
52 59 14
52 60 12
52 61 9
52 62 19
52 63 2
52 64 1
52 65 6
52 66 13
52 67 8
52 68 19
52 69 1
52 70 10
52 71 18
52 72 18
52 73 13
52 74 16
52 75 14
52 76 5
52 77 11
52 78 15
52 79 7
52 80 13
52 81 12
52 82 15
52 83 15
52 84 20
52 85 18
52 87 8
52 88 7
52 89 7
52 90 12
52 91 19
52 92 5
52 93 13
52 94 1
52 95 10
52 98 5
52 99 19
53 54 2
53 55 15
53 56 8
53 57 2
53 58 10
53 59 3
53 60 14
53 61 12
53 62 5
53 63 12
53 64 9
53 65 12
53 66 15
53 67 13
53 68 18
53 69 15
53 70 3
53 71 14
53 72 10
53 73 11
53 74 2
53 75 12
53 76 3
53 77 19
53 78 8
53 79 4
53 81 12
53 82 19
53 83 8
53 85 8
53 86 12
53 87 9
53 88 14
53 89 1
53 90 17
53 92 6
53 93 11
53 94 19
53 95 11
53 96 4
53 97 5
53 99 16
54 55 8
54 56 1
54 57 2
54 58 17
54 59 14
54 60 19
54 61 6
54 62 19
54 63 9
54 64 17
54 65 20
54 66 3
54 67 8
54 68 13
54 69 13
54 70 12
54 71 20
54 72 11
54 73 19
54 74 20
54 75 5
54 76 11
54 78 15
54 79 19
54 80 9
54 81 16
54 83 8
54 84 17
54 85 7
54 86 14
54 87 7
54 88 4
54 89 4
54 90 14
54 91 5
54 92 1
54 93 8
54 95 16
54 96 15
54 98 3
54 99 18
55 56 17
55 57 2
55 58 11
55 59 9
55 60 10
55 61 3
55 62 11
55 63 12
55 64 5
55 65 20
55 66 6
55 67 12
55 68 5
55 69 19
55 70 3
55 71 14
55 72 4
55 73 2
55 74 6
55 75 10
55 76 7
55 77 9
55 79 7
55 80 18
55 81 1
55 83 20
55 84 17
55 85 15
55 86 20
55 87 8
55 89 1
55 90 18
55 91 11
55 93 10
55 95 7
55 96 14
55 97 6
56 57 19
56 58 20
56 59 10
56 60 17
56 61 3
56 62 11
56 63 7
56 64 10
56 65 13
56 66 2
56 67 7
56 68 6
56 69 15
56 70 3
56 71 18
56 72 2
56 73 5
56 74 15
56 75 5
56 77 17
56 78 3
56 79 8
56 80 18
56 81 3
56 82 19
56 83 5
56 84 2
56 85 8
56 86 9
56 88 12
56 89 4
56 90 2
56 91 15
56 92 20
56 93 1
56 94 11
56 96 2
56 97 3
56 98 18
56 99 15
57 58 15
57 59 13
57 60 10
57 61 8
57 62 14
57 63 18
57 64 16
57 65 10
57 66 11
57 67 18
57 68 20
57 69 11
57 70 11
57 71 20
57 72 11
57 74 1
57 75 20
57 76 18
57 77 2
57 78 9
57 79 19
57 80 11
57 82 1
57 83 15
57 84 13
57 85 18
57 86 12
57 87 13
57 88 1
57 89 3
57 90 9
57 91 18
57 93 19
57 94 13
57 95 15
57 96 5
57 97 8
57 98 1
57 99 12
58 59 14
58 60 5
58 61 12
58 62 10
58 63 14
58 64 15
58 65 1
58 66 14
58 67 11
58 68 13
58 69 9
58 70 7
58 71 12
58 72 5
58 73 2
58 74 3
58 75 20
58 76 16
58 77 20
58 78 11
58 79 6
58 80 15
58 81 13
58 82 8
58 83 11
58 84 19
58 85 10
58 86 10
58 87 1
58 88 3
58 89 18
58 90 12
58 92 3
58 93 13
58 94 12
58 95 12
58 96 15
58 97 6
58 98 8
59 60 19
59 61 18
59 62 5
59 63 3
59 64 11
59 65 20
59 66 6
59 67 11
59 68 8
59 69 16
59 70 2
59 71 6
59 72 17
59 73 16
59 74 4
59 75 13
59 76 12
59 77 18
59 78 19
59 80 15
59 81 11
59 82 9
59 83 14
59 84 16
59 85 8
59 86 13
59 88 11
59 89 19
59 90 7
59 91 16
59 92 7
59 94 18
59 95 5
59 96 5
59 98 17
59 99 2
60 61 15
60 62 13
60 63 4
60 64 2
60 65 12
60 66 19
60 67 17
60 69 3
60 70 12
60 71 10
60 72 11
60 73 1
60 74 12
60 75 10
60 76 13
60 77 13
60 78 12
60 79 17
60 80 4
60 81 14
60 82 7
60 83 15
60 86 11
60 87 10
60 88 20
60 89 20
60 92 20
60 93 8
60 94 16
60 95 10
60 96 2
60 97 8
60 98 6
61 62 20
61 63 4
61 65 7
61 66 19
61 67 20
61 68 20
61 69 4
61 70 9
61 71 20
61 72 8
61 73 1
61 74 15
61 75 18
61 76 10
61 77 17
61 78 12
61 79 5
61 81 13
61 82 15
61 83 8
61 84 1
61 87 8
61 88 18
61 89 9
61 91 17
61 92 1
61 94 3
61 95 14
61 96 5
61 97 16
61 98 7
61 99 4
62 63 8
62 64 18
62 65 15
62 66 7
62 67 10
62 68 5
62 69 10
62 70 9
62 71 2
62 73 2
62 74 15
62 75 7
62 76 15
62 77 3
62 78 19
62 79 14
62 80 2
62 81 19
62 82 9
62 83 3
62 86 16
62 87 7
62 88 14
62 89 15
62 92 10
62 95 3
62 96 5
62 97 15
62 99 16
63 64 17
63 65 3
63 66 3
63 67 3
63 68 5
63 69 18
63 70 3
63 72 9
63 73 7
63 74 20
63 75 14
63 76 8
63 77 9
63 78 19
63 79 20
63 81 11
63 82 8
63 83 15
63 84 12
63 85 16
63 86 20
63 87 10
63 90 6
63 91 11
63 92 5
63 93 19
63 94 8
63 96 8
63 97 10
64 65 4
64 66 10
64 67 2
64 68 13
64 69 14
64 70 2
64 71 10
64 72 3
64 73 14
64 74 8
64 75 13
64 76 9
64 77 19
64 78 4
64 79 8
64 81 11
64 82 2
64 83 2
64 84 20
64 87 19
64 88 6
64 89 20
64 91 12
64 92 14
64 93 4
64 94 20
64 97 8
64 99 5
65 66 5
65 67 5
65 68 14
65 69 12
65 70 13
65 71 6
65 72 2
65 73 20
65 74 1
65 75 8
65 76 1
65 77 3
65 79 7
65 82 2
65 83 4
65 84 10
65 85 8
65 88 18
65 89 15
65 90 11
65 91 13
65 92 2
65 93 6
65 94 5
65 95 3
65 96 1
65 98 11
66 67 18
66 68 12
66 69 13
66 70 18
66 71 10
66 72 20
66 73 15
66 74 3
66 75 12
66 76 4
66 77 13
66 78 7
66 79 11
66 80 18
66 81 9
66 82 14
66 83 15
66 84 4
66 85 19
66 86 17
66 88 10
66 90 18
66 91 13
66 92 17
66 94 10
66 95 6
66 96 12
66 97 8
66 98 18
66 99 15
67 68 12
67 69 16
67 70 15
67 71 20
67 72 5
67 73 10
67 74 20
67 76 3
67 77 9
67 78 14
67 79 2
67 80 8
67 81 13
67 82 11
67 84 19
67 85 5
67 87 5
67 90 9
67 92 18
67 94 12
67 97 17
67 98 18
67 99 2
68 69 15
68 70 13
68 71 1
68 72 17
68 73 4
68 74 7
68 75 7
68 76 15
68 77 16
68 78 8
68 79 12
68 80 20
68 81 10
68 82 17
68 83 9
68 86 2
68 87 19
68 88 20
68 91 15
68 92 8
68 94 20
68 96 14
69 70 13
69 71 20
69 72 12
69 73 17
69 74 1
69 75 6
69 78 13
69 79 8
69 80 4
69 81 8
69 82 10
69 83 16
69 84 17
69 85 5
69 86 11
69 87 15
69 88 12
69 90 8
69 93 19
69 95 18
69 96 11
69 97 6
69 98 15
69 99 3
70 71 7
70 72 10
70 73 5
70 74 14
70 75 3
70 76 3
70 77 10
70 78 1
70 79 1
70 82 16
70 83 4
70 85 4
70 86 6
70 87 7
70 88 20
70 89 16
70 90 9
70 91 14
70 92 5
70 93 20
70 94 9
70 96 17
70 97 11
70 99 5
71 72 10
71 73 17
71 74 5
71 75 10
71 76 16
71 77 5
71 78 2
71 80 15
71 82 18
71 83 14
71 84 12
71 86 16
71 87 9
71 88 20
71 89 8
71 90 5
71 91 19
71 92 16
71 94 16
71 95 2
71 96 17
71 97 1
71 98 19
71 99 13
72 73 2
72 74 9
72 75 10
72 76 1
72 77 6
72 78 12
72 79 14
72 80 4
72 81 19
72 82 13
72 83 4
72 85 16
72 86 1
72 87 6
72 88 5
72 89 14
72 90 13
72 92 15
72 93 19
72 94 19
72 96 7
72 97 18
72 98 13
72 99 18
73 74 15
73 75 3
73 76 5
73 78 19
73 79 4
73 81 8
73 82 4
73 83 2
73 84 19
73 85 11
73 86 2
73 87 17
73 88 5
73 91 7
73 94 9
73 95 10
73 96 17
73 98 13
73 99 13
74 75 4
74 76 18
74 77 19
74 83 15
74 84 9
74 85 8
74 86 4
74 87 13
74 90 1
74 91 10
74 93 2
74 94 3
74 97 4
74 98 10
74 99 2
75 76 13
75 77 8
75 78 15
75 79 16
75 80 13
75 81 16
75 82 19
75 83 5
75 84 8
75 85 14
75 87 14
75 88 2
75 89 13
75 90 8
75 91 14
75 92 14
75 93 10
75 94 5
75 98 15
75 99 7
76 77 20
76 78 2
76 79 2
76 80 13
76 81 11
76 82 3
76 84 6
76 85 11
76 86 2
76 87 1
76 88 8
76 89 13
76 90 2
76 92 19
76 94 9
76 95 6
76 96 12
76 99 4
77 78 17
77 79 8
77 81 20
77 82 18
77 84 12
77 87 7
77 88 20
77 89 14
77 90 10
77 91 7
77 92 11
77 93 18
77 94 5
77 97 10
77 98 10
78 79 14
78 80 1
78 81 20
78 83 3
78 84 3
78 86 18
78 87 16
78 88 11
78 89 20
78 90 20
78 91 10
78 92 8
78 93 19
78 94 14
78 95 11
78 96 17
78 97 4
78 99 7
79 80 13
79 81 19
79 82 2
79 83 3
79 85 4
79 86 3
79 87 12
79 89 6
79 91 6
79 92 4
79 93 18
79 94 15
79 95 8
79 96 7
79 98 10
79 99 13
80 81 7
80 82 2
80 87 18
80 88 3
80 93 18
80 96 5
80 97 4
80 98 16
80 99 8
81 82 8
81 83 3
81 84 8
81 85 3
81 87 20
81 88 1
81 90 4
81 91 16
81 92 10
81 93 15
81 96 18
81 97 20
81 98 18
82 83 16
82 84 15
82 85 16
82 87 13
82 88 11
82 89 6
82 90 3
82 91 6
82 92 6
82 94 3
82 95 13
82 96 9
82 97 18
82 98 13
82 99 3
83 85 6
83 86 4
83 87 2
83 88 8
83 93 6
83 94 13
83 96 5
83 98 18
84 86 20
84 90 18
84 91 9
84 92 14
84 93 16
84 96 12
84 97 5
85 86 16
85 87 20
85 88 2
85 91 11
85 93 15
85 94 9
85 95 12
85 97 2
85 99 15
86 89 9
86 90 13
86 93 19
86 94 10
86 95 2
86 96 3
86 97 14
87 88 17
87 89 19
87 90 8
87 91 2
87 92 7
87 93 6
87 96 14
87 97 3
87 98 1
87 99 4
88 91 5
88 92 4
88 93 18
88 95 7
88 98 11
89 90 12
89 92 18
89 98 15
89 99 7
90 93 16
90 94 14
90 95 19
90 97 20
90 98 2
91 94 5
91 95 15
91 96 18
91 99 16
92 94 9
93 95 19
93 98 17
93 99 9
94 96 2
94 97 19
96 97 5
96 98 7
96 99 6
97 99 8
2 87 8
4 10 23
5 38 47
5 0 60
11 32 91
17 20 67
18 69 57
20 19 86
21 61 63
22 78 36
25 5 37
28 48 52
31 64 74
35 60 3
37 47 14
39 95 18
43 25 48
46 62 23
57 3 35
57 16 59
64 96 36
71 21 81
75 44 98
83 42 85
89 51 21
90 31 91
98 66 97
99 13 93
