100 150 8 26
37 67 66 50 62 1 79 23 93 42 83 78 70 34 58 13 81 18 12 97 38 78 96 85 42 3
47 53 14
47 59 12
47 86 6
53 38 9
53 79 22
67 77 14
67 61 1
67 92 21
77 54 16
77 62 18
72 91 7
72 59 17
72 15 3
91 11 6
91 95 2
54 79 2
54 96 2
87 89 13
87 50 20
87 90 15
89 13 7
89 44 23
2 48 18
2 23 3
2 73 22
48 10 18
48 50 15
22 81 3
22 63 4
22 51 8
81 27 9
81 21 4
9 17 2
9 7 15
9 45 1
17 45 3
17 4 5
38 41 17
38 30 2
3 95 11
3 26 16
3 37 5
95 44 20
92 97 18
92 32 17
97 51 8
97 62 6
31 56 8
31 40 6
31 6 3
56 20 1
56 25 5
20 4 9
20 69 18
21 64 13
21 7 9
64 61 6
64 10 8
6 84 12
6 0 18
84 63 4
84 52 19
28 51 14
28 73 21
28 83 17
15 96 14
15 66 18
96 0 16
79 58 4
19 57 3
19 12 22
19 69 14
57 60 20
57 80 2
18 37 20
18 82 10
18 75 9
37 78 10
5 76 14
5 66 5
5 88 22
76 14 16
76 93 3
32 60 9
32 30 1
60 85 1
40 25 12
40 24 8
11 71 13
11 98 15
71 78 7
71 4 8
29 52 8
29 90 18
29 1 17
52 74 13
85 62 15
85 58 8
33 86 20
33 8 5
33 59 18
86 41 8
44 30 8
7 49 3
63 42 8
42 61 16
42 27 1
26 43 15
26 99 15
74 70 4
74 49 9
43 80 11
43 99 3
80 14 22
41 55 6
73 82 18
13 69 5
13 46 7
66 98 12
34 46 18
34 1 11
34 16 18
46 82 2
10 24 11
24 93 11
0 75 15
68 93 11
68 35 10
68 58 20
25 88 1
78 98 18
14 36 17
27 94 11
88 55 2
65 99 10
65 94 11
65 49 19
55 90 12
75 39 1
16 23 15
16 12 9
23 12 13
8 83 15
8 94 7
45 39 4
39 50 11
35 70 20
35 36 13
70 1 15
83 36 9
16 27 62
38 65 81
42 66 67
54 81 98
63 56 80
83 25 92
92 0 16
98 69 4
