100 4000 49 28
33 29 47 38 70 97 68 30 17 76 11 18 69 81 31 97 66 91 72 72 38 99 23 21 66 69 29 62
13 88 2
13 65 13
13 78 9
13 55 1
13 68 12
13 45 5
13 22 5
13 35 4
13 11 11
13 77 1
13 90 1
13 67 6
13 80 6
13 57 13
13 34 1
13 9 2
13 10 7
13 24 3
13 37 1
13 14 11
13 79 8
13 92 9
13 69 8
13 46 4
13 82 1
13 59 9
13 49 3
13 16 12
13 91 7
13 81 1
13 48 3
13 25 4
13 38 6
13 15 9
13 4 11
13 18 12
13 5 2
13 7 6
13 83 7
13 60 13
13 73 9
13 50 10
13 27 6
13 40 5
13 17 2
13 6 6
13 8 11
13 95 3
13 72 9
13 85 4
13 75 5
13 52 7
13 42 8
13 19 5
13 84 9
13 97 9
13 74 7
13 51 5
13 87 1
13 2 3
13 64 7
13 54 11
13 31 11
13 44 12
13 21 7
13 96 2
13 0 8
13 1 4
13 3 6
13 99 9
13 76 12
13 53 6
13 89 9
13 66 5
13 43 3
13 20 8
13 56 1
13 33 12
13 23 1
13 98 7
88 95 3
88 65 8
88 46 8
88 98 7
88 97 11
88 23 12
88 4 2
88 26 13
88 56 10
88 7 7
88 37 13
88 10 7
88 40 9
88 70 6
88 43 11
88 73 11
88 54 11
88 76 7
88 99 6
88 27 11
88 57 11
88 89 8
88 38 10
88 60 6
88 41 7
88 74 11
88 58 3
88 2 1
88 5 9
88 16 3
88 90 11
88 68 5
88 19 3
88 49 13
88 52 12
88 3 2
88 82 10
88 63 9
88 55 5
88 6 12
88 36 1
88 66 6
88 17 8
88 39 7
88 69 10
88 50 10
88 92 7
88 72 13
88 53 13
88 34 6
88 86 5
88 67 11
88 84 10
88 94 13
88 30 13
88 11 8
88 44 7
88 25 12
88 47 3
88 28 7
88 9 2
88 1 13
88 93 12
88 80 5
88 31 11
88 61 3
88 12 5
88 96 3
88 15 3
88 45 1
88 75 12
88 48 1
88 78 3
88 29 2
88 59 4
88 51 6
88 81 5
88 32 12
88 62 1
24 97 5
24 14 7
24 74 6
24 87 7
24 64 9
24 41 9
24 54 4
24 9 11
24 15 9
24 99 3
24 53 11
24 89 9
24 66 2
24 43 12
24 56 10
24 33 2
24 65 2
24 78 13
24 55 1
24 45 6
24 35 5
24 23 5
24 25 3
24 4 5
24 77 9
24 67 9
24 10 8
24 80 2
24 57 8
24 21 13
24 34 7
24 70 4
24 47 3
24 37 12
24 8 3
24 79 2
24 92 12
24 69 10
24 46 10
24 82 12
24 59 12
24 36 4
24 49 3
24 26 2
24 91 9
24 18 3
24 81 9
24 58 9
24 94 3
24 2 11
24 48 13
24 61 9
24 38 12
24 5 11
24 51 7
24 28 1
24 16 7
24 19 9
24 0 2
24 93 10
24 22 2
24 3 13
24 83 2
24 60 7
24 96 12
24 73 1
24 6 3
24 27 2
24 63 10
24 17 11
24 20 10
24 95 10
24 72 9
24 62 9
24 39 13
24 75 3
24 52 10
24 29 5
24 42 8
97 54 13
97 76 12
97 27 12
97 57 9
97 87 8
97 38 4
97 60 8
97 41 13
97 71 8
97 93 13
97 74 11
97 77 12
97 58 13
97 2 4
97 49 8
97 0 2
97 22 6
97 3 11
97 33 4
97 63 12
97 55 6
97 6 12
97 85 11
97 36 5
97 66 8
97 39 13
97 69 13
97 20 6
97 50 13
97 72 8
97 53 11
97 34 2
97 86 11
97 67 8
97 30 2
97 14 8
97 44 8
97 25 4
97 47 12
97 28 6
97 9 13
97 1 13
97 31 4
97 61 5
97 12 3
97 42 13
97 64 10
97 15 2
97 94 2
97 45 3
97 75 3
97 48 13
97 78 10
97 29 8
97 59 7
97 51 10
97 32 8
97 62 6
97 92 9
97 65 4
97 95 13
97 46 2
97 99 4
97 96 2
97 23 11
97 4 6
97 26 3
97 56 3
97 7 8
97 37 1
97 10 2
97 89 13
97 40 13
97 70 11
97 21 4
97 43 4
97 73 13
36 71 2
36 48 11
36 84 4
36 61 10
36 38 1
36 51 13
36 30 10
36 93 9
36 11 3
36 83 3
36 14 10
36 60 10
36 96 6
36 73 3
36 25 13
36 40 7
36 28 1
36 31 3
36 12 12
36 15 6
36 72 8
36 85 8
36 29 4
36 65 4
36 32 13
36 42 10
36 74 7
36 64 2
36 41 1
36 77 5
36 54 11
36 44 5
36 23 13
36 26 13
36 86 5
36 99 6
36 76 4
36 53 2
36 89 3
36 10 13
36 43 2
36 56 11
36 27 3
36 8 4
36 78 12
36 55 11
36 68 4
36 45 6
36 58 9
36 18 8
36 90 7
36 67 12
36 80 9
36 57 6
36 70 9
36 47 12
36 5 5
36 35 11
36 37 4
36 16 1
36 0 6
36 79 3
36 92 6
36 3 5
36 69 8
36 33 11
36 46 13
36 82 4
36 59 12
36 6 9
36 49 6
36 39 3
36 20 1
36 91 4
36 34 1
36 81 9
36 94 10
71 17 8
71 39 1
71 20 3
71 50 2
71 53 1
71 34 5
71 74 3
71 77 6
71 30 13
71 86 8
71 11 7
71 99 1
71 76 12
71 14 1
71 89 9
71 25 13
71 47 4
71 1 13
71 31 7
71 12 10
71 98 10
71 42 5
71 64 4
71 15 7
71 45 2
71 78 11
71 48 11
71 59 8
71 51 7
71 62 6
71 65 10
71 46 3
71 90 5
71 80 9
71 23 2
71 4 2
71 26 6
71 79 6
71 56 10
71 7 10
71 92 13
71 37 5
71 82 5
71 10 9
71 70 1
71 43 1
71 27 4
71 57 4
71 91 4
71 38 9
71 94 13
71 41 8
71 84 12
71 58 8
71 93 2
71 18 8
71 83 10
71 96 5
71 73 7
71 2 9
71 5 3
71 35 1
71 16 13
71 68 13
71 19 2
71 49 5
71 95 11
71 0 6
71 72 6
71 22 2
71 85 9
71 52 9
71 3 6
71 33 12
71 75 6
71 63 5
71 55 7
71 6 13
55 84 7
55 61 1
55 32 1
55 46 4
55 83 6
55 73 8
55 86 10
55 63 13
55 23 8
55 4 12
55 26 9
55 95 8
55 7 10
55 37 9
55 85 1
55 10 5
55 62 4
55 98 6
55 40 5
55 21 7
55 43 9
55 65 5
55 54 9
55 27 7
55 8 8
55 41 13
55 87 4
55 64 7
55 77 3
55 67 10
55 18 6
55 76 4
55 89 5
55 66 13
55 79 9
55 56 4
55 5 4
55 35 7
55 16 6
55 19 5
55 49 6
55 22 4
55 52 8
55 33 2
55 91 13
55 6 2
55 68 7
55 17 2
55 58 11
55 39 4
55 51 8
55 53 7
55 90 1
55 80 13
55 57 7
55 93 3
55 70 6
55 60 1
55 30 5
55 11 11
55 14 1
55 69 13
55 25 7
55 82 12
55 59 7
55 47 13
55 72 8
55 28 7
55 31 3
55 12 4
55 81 11
55 94 11
55 48 12
55 29 1
84 6 2
84 66 7
84 8 2
84 38 9
84 39 13
84 92 12
84 69 1
84 72 13
84 83 13
84 67 5
84 18 4
84 2 4
84 16 1
84 93 2
84 19 4
84 1 7
84 80 5
84 61 5
84 3 13
84 33 9
84 63 12
84 64 12
84 17 2
84 48 7
84 78 5
84 20 4
84 51 10
84 81 9
84 95 13
84 32 10
84 62 7
84 85 7
84 98 3
84 65 2
84 79 7
84 30 9
84 11 4
84 87 9
84 14 5
84 44 5
84 25 9
84 26 2
84 28 4
84 9 4
84 10 8
84 12 2
84 42 8
84 43 7
84 73 7
84 99 2
84 15 12
84 45 13
84 75 5
84 89 7
84 27 8
84 57 12
84 29 10
84 59 9
84 60 11
84 41 6
84 74 5
84 77 1
84 91 3
84 23 11
84 4 6
84 90 10
84 7 3
84 37 4
84 68 3
84 40 10
84 21 11
84 22 11
84 52 2
84 82 6
84 54 5
28 67 4
28 22 10
28 80 13
28 3 4
28 57 8
28 47 1
28 6 12
28 17 7
28 20 11
28 79 5
28 92 7
28 69 12
28 46 6
28 59 7
28 49 2
28 91 1
28 81 3
28 11 4
28 58 11
28 94 2
28 14 1
28 48 2
28 61 10
28 25 4
28 38 5
28 1 8
28 12 5
28 93 8
28 70 3
28 83 13
28 60 11
28 50 1
28 63 3
28 30 3
28 95 4
28 72 11
28 85 8
28 62 13
28 39 9
28 52 8
28 29 8
28 42 6
28 74 9
28 51 6
28 7 8
28 87 4
28 64 3
28 41 7
28 10 4
28 54 6
28 31 13
28 21 11
28 44 13
28 96 7
28 86 5
28 8 4
28 99 11
28 53 1
28 66 10
28 43 7
28 56 5
28 33 13
28 98 7
28 65 6
28 18 8
28 78 6
28 68 13
28 2 9
28 35 11
28 5 8
28 77 4
28 19 2
28 90 4
28 0 8
67 9 4
67 1 1
67 31 6
67 12 2
67 42 2
67 64 8
67 45 8
67 81 11
67 48 5
67 94 2
67 59 9
67 60 9
67 32 7
67 62 6
67 46 13
67 96 2
67 73 12
67 4 9
67 26 13
67 56 8
67 7 11
67 37 11
67 95 6
67 72 4
67 10 8
67 85 5
67 40 8
67 21 3
67 43 7
67 54 9
67 27 13
67 8 9
67 38 13
67 39 8
67 41 8
67 74 3
67 58 13
67 18 9
67 86 13
67 99 3
67 76 8
67 89 13
67 5 2
67 35 1
67 16 13
67 19 8
67 49 11
67 0 2
67 98 9
67 52 9
67 3 6
67 33 1
67 63 11
67 78 11
67 6 4
67 91 1
67 66 3
67 68 6
67 50 8
67 51 5
67 65 6
67 90 8
67 80 12
67 30 9
67 11 1
67 14 7
67 79 1
67 92 10
67 25 12
67 69 12
67 47 6
67 82 6
29 32 11
29 45 5
29 35 9
29 77 8
29 90 3
29 18 6
29 80 6
29 34 2
29 70 11
29 47 5
29 2 8
29 37 13
29 5 13
29 16 11
29 19 7
29 79 5
29 0 2
29 92 9
29 69 13
29 82 6
29 59 10
29 6 6
29 49 10
29 17 11
29 81 4
29 94 12
29 61 5
29 38 3
29 51 6
29 11 12
29 83 2
29 60 10
29 96 3
29 73 5
29 14 7
29 50 13
29 63 13
29 25 13
29 40 6
29 30 7
29 9 9
29 1 11
29 12 9
29 95 8
29 72 10
29 15 1
29 85 12
29 62 13
29 39 7
29 52 10
29 42 13
29 74 4
29 87 12
29 64 1
29 41 6
29 31 8
29 44 13
29 23 1
29 86 8
29 99 1
29 26 6
29 7 9
29 53 2
29 89 7
29 66 1
29 43 13
29 10 2
29 33 10
29 21 7
29 98 13
29 8 3
29 65 8
29 78 12
32 78 8
32 91 4
32 68 8
32 45 2
32 58 4
32 35 12
32 90 11
32 80 12
32 57 12
32 34 11
32 70 4
32 47 5
32 23 11
32 37 13
32 5 7
32 79 10
32 92 11
32 69 4
32 21 6
32 22 2
32 72 5
32 49 13
32 39 2
32 8 13
32 20 1
32 81 5
32 94 5
32 61 10
32 38 1
32 51 8
32 18 9
32 93 12
32 83 7
32 2 10
32 60 5
32 14 1
32 63 10
32 40 9
32 16 13
32 19 9
32 0 7
32 1 3
32 31 13
32 3 11
32 95 5
32 85 3
32 15 5
32 75 11
32 17 4
32 65 9
32 42 11
32 74 8
32 87 10
32 64 9
32 41 11
32 77 12
32 54 8
32 44 12
32 11 11
32 86 2
32 99 1
32 25 7
32 76 4
32 26 5
32 53 1
32 43 1
32 10 11
32 56 9
32 33 4
32 12 12
32 46 4
32 98 12
32 27 8
47 80 10
47 44 10
47 57 9
47 25 12
47 70 5
47 9 2
47 31 3
47 12 3
47 42 6
47 45 10
47 69 9
47 82 3
47 59 7
47 72 11
47 49 7
47 46 11
47 81 5
47 94 4
47 48 7
47 61 9
47 51 9
47 23 11
47 4 2
47 93 5
47 26 3
47 7 6
47 83 10
47 37 12
47 60 3
47 40 12
47 21 11
47 43 2
47 27 1
47 8 7
47 38 6
47 95 5
47 85 2
47 41 4
47 62 5
47 75 5
47 52 5
47 65 11
47 87 8
47 77 7
47 2 3
47 35 3
47 16 12
47 19 11
47 86 10
47 0 11
47 99 1
47 22 1
47 76 13
47 3 3
47 53 3
47 89 6
47 33 10
47 66 13
47 6 3
47 17 7
47 39 10
47 20 12
47 98 2
47 34 12
47 78 4
47 91 7
47 58 9
47 30 12
47 90 6
47 14 8
80 90 3
80 9 3
80 1 8
80 31 13
80 61 3
80 42 10
80 64 1
80 15 13
80 45 7
80 75 7
80 48 10
80 78 13
80 59 6
80 51 5
80 92 7
80 62 5
80 82 8
80 65 13
80 46 1
80 79 6
80 4 2
80 26 2
80 7 9
80 10 4
80 70 1
80 43 13
80 83 1
80 73 8
80 96 7
80 54 5
80 76 5
80 86 4
80 27 10
80 57 4
80 8 12
80 38 7
80 60 5
80 74 10
80 95 2
80 77 11
80 85 2
80 58 12
80 98 3
80 18 2
80 2 2
80 5 4
80 35 1
80 87 1
80 68 1
80 19 2
80 49 6
80 0 4
80 52 13
80 33 2
80 63 7
80 66 5
80 17 1
80 99 12
80 39 2
80 69 10
80 50 7
80 72 3
80 53 13
80 34 12
80 91 8
80 11 7
80 14 4
80 25 7
0 5 2
0 93 10
0 70 2
0 60 2
0 37 2
0 73 2
0 50 5
0 27 13
0 4 8
0 40 13
0 17 6
0 7 4
0 82 10
0 95 2
0 72 6
0 85 5
0 39 8
0 52 7
0 6 8
0 42 10
0 19 3
0 9 11
0 94 11
0 74 5
0 51 7
0 87 10
0 64 2
0 41 1
0 18 9
0 54 2
0 31 9
0 63 10
0 99 8
0 76 8
0 53 13
0 66 6
0 43 2
0 20 4
0 33 9
0 10 6
0 23 10
0 75 4
0 65 6
0 78 9
0 68 11
0 45 1
0 22 3
0 35 6
0 12 3
0 2 8
0 77 8
0 90 10
0 44 13
0 34 6
0 11 10
0 1 6
0 14 5
0 56 4
0 69 9
0 46 4
0 59 8
0 26 8
0 3 9
0 16 5
0 91 1
0 81 3
0 61 6
0 38 11
0 15 11
5 83 7
5 60 10
5 96 7
5 73 11
5 3 6
5 50 3
5 27 3
5 63 12
5 17 6
5 95 3
5 75 2
5 52 2
5 42 7
5 19 9
5 9 5
5 87 6
5 64 13
5 41 12
5 77 12
5 54 8
5 31 1
5 8 5
5 44 8
5 21 8
5 1 7
5 11 2
5 86 7
5 99 11
5 53 4
5 89 5
5 66 2
5 43 11
5 20 3
5 56 1
5 33 5
5 10 1
5 23 11
5 98 2
5 65 12
5 68 12
5 45 6
5 22 13
5 58 13
5 35 1
5 12 7
5 4 4
5 90 5
5 34 9
5 37 12
5 14 7
5 92 6
5 69 12
5 46 9
5 82 9
5 59 2
5 49 7
5 39 13
5 16 12
5 91 3
5 81 2
5 94 10
5 61 12
5 38 7
5 2 6
5 15 8
5 51 1
5 18 6
5 93 8
40 41 12
40 77 11
40 54 12
40 2 9
40 44 4
40 35 4
40 16 12
40 86 13
40 19 7
40 76 10
40 53 8
40 89 4
40 22 8
40 66 2
40 3 1
40 33 13
40 6 11
40 17 1
40 39 11
40 20 1
40 78 3
40 34 10
40 68 2
40 45 2
40 58 8
40 30 12
40 90 9
40 11 1
40 57 11
40 70 13
40 25 9
40 9 5
40 1 12
40 31 9
40 79 6
40 92 7
40 15 2
40 69 8
40 46 7
40 82 11
40 59 1
40 49 9
40 91 4
40 81 3
40 94 7
40 48 3
40 51 12
40 93 2
40 23 3
40 4 8
40 60 10
40 96 12
40 7 13
40 37 10
40 50 12
40 21 12
40 27 10
40 95 8
40 8 5
40 38 11
40 85 6
40 62 13
40 75 10
40 52 6
40 42 3
40 74 6
40 87 12
40 18 13
40 64 12
41 42 13
41 27 2
41 8 6
41 74 8
41 38 10
41 39 9
41 64 10
41 77 12
41 54 6
41 44 3
41 86 1
41 99 3
41 76 6
41 53 2
41 18 5
41 66 6
41 43 4
41 56 9
41 2 8
41 35 4
41 16 8
41 19 8
41 78 13
41 68 7
41 3 5
41 33 3
41 58 2
41 20 12
41 34 3
41 57 11
41 70 11
41 79 2
41 30 2
41 92 13
41 69 5
41 46 6
41 14 9
41 49 13
41 25 9
41 9 10
41 1 7
41 31 3
41 91 8
41 12 12
41 81 4
41 94 13
41 15 12
41 48 4
41 61 9
41 51 7
41 93 4
41 83 13
41 60 1
41 96 6
41 73 6
41 50 9
41 23 2
41 72 2
41 85 2
41 26 9
41 7 5
41 75 4
41 37 3
41 52 2
41 10 8
83 35 4
83 68 9
83 49 9
83 94 7
83 22 12
83 52 12
83 3 5
83 82 10
83 33 6
83 63 3
83 6 6
83 66 11
83 17 10
83 39 13
83 69 10
83 20 3
83 50 8
83 93 11
83 72 7
83 53 9
83 34 9
83 96 11
83 30 12
83 11 5
83 85 4
83 98 4
83 14 13
83 31 1
83 12 9
83 64 1
83 15 13
83 45 1
83 87 11
83 75 5
83 48 3
83 51 2
83 81 11
83 62 8
83 65 1
83 46 4
83 86 3
83 99 1
83 79 4
83 89 12
83 23 6
83 4 11
83 56 7
83 37 2
83 91 4
83 10 5
83 70 2
83 21 6
83 43 10
83 73 11
83 54 10
83 76 13
83 57 6
83 8 6
83 38 11
83 90 3
83 60 1
83 74 9
83 77 1
83 58 13
83 92 10
83 18 8
83 2 2
58 95 10
58 48 8
58 85 13
58 62 2
58 50 3
58 98 1
58 51 12
58 75 5
58 65 8
58 34 1
58 46 2
58 74 1
58 87 12
58 64 6
58 77 8
58 11 3
58 44 4
58 25 5
58 26 8
58 56 2
58 86 2
58 9 13
58 99 10
58 10 11
58 76 12
58 89 9
58 12 12
58 66 8
58 42 13
58 43 1
58 79 13
58 27 13
58 57 2
58 78 4
58 91 7
58 4 4
58 70 12
58 7 12
58 37 1
58 21 3
58 52 5
58 92 12
58 54 9
58 69 10
58 6 11
58 82 5
58 72 6
58 39 10
58 53 4
58 81 12
58 61 7
58 18 3
58 30 10
58 2 2
58 93 6
58 16 9
58 60 2
58 96 1
58 73 8
58 19 12
58 49 9
58 31 8
58 3 13
58 33 12
58 45 3
95 91 6
95 2 2
95 16 4
95 68 5
95 49 12
95 52 11
95 3 5
95 82 7
95 33 1
95 63 11
95 6 1
95 66 3
95 39 11
95 69 4
95 20 1
95 50 11
95 72 1
95 34 6
95 86 5
95 30 10
95 11 12
95 14 10
95 44 10
95 25 1
95 9 3
95 1 8
95 31 13
95 61 1
95 64 7
95 94 6
95 96 1
95 45 2
95 75 5
95 48 13
95 78 5
95 51 9
95 81 6
95 62 5
95 65 4
95 46 11
95 98 6
95 79 10
95 23 8
95 4 12
95 26 5
95 56 13
95 7 7
95 37 7
95 10 4
95 89 10
95 70 11
95 21 2
95 43 2
95 73 5
95 76 5
95 27 1
95 8 11
95 99 13
95 87 8
95 60 13
95 90 7
95 93 7
95 77 11
9 90 6
9 44 10
9 57 8
9 34 12
9 11 1
9 89 11
9 56 11
9 92 7
9 69 2
9 46 3
9 23 11
9 59 10
9 2 6
9 26 7
9 16 13
9 91 1
9 68 11
9 81 12
9 48 4
9 3 2
9 61 11
9 15 8
9 6 2
9 93 7
9 37 3
9 73 8
9 50 4
9 27 3
9 17 10
9 82 7
9 72 4
9 49 9
9 85 12
9 62 6
9 39 1
9 52 4
9 19 6
9 94 5
9 1 6
9 74 11
9 51 11
9 18 10
9 54 7
9 21 11
9 96 4
9 86 9
9 63 1
9 76 1
9 53 10
9 66 7
9 43 8
9 20 10
9 33 12
9 10 9
9 98 10
9 75 10
9 4 13
9 42 3
9 78 12
9 7 10
9 45 8
9 22 1
9 35 13
9 87 3
9 77 6
90 1 7
90 31 3
90 61 13
90 12 1
90 15 3
90 45 8
90 48 12
90 78 9
90 59 10
90 51 6
90 81 6
90 62 10
90 65 4
90 46 7
90 79 3
90 99 6
90 23 2
90 4 7
90 26 6
90 56 9
90 7 7
90 37 9
90 10 10
90 89 9
90 91 2
90 70 3
90 21 3
90 43 5
90 73 12
90 54 3
90 27 13
90 8 13
90 38 6
90 60 11
90 77 12
90 92 9
90 2 10
90 35 9
90 16 12
90 68 1
90 49 2
90 22 5
90 52 1
90 3 7
90 94 5
90 82 2
90 33 5
90 6 4
90 85 8
90 66 10
90 17 5
90 39 5
90 20 13
90 50 5
90 34 9
90 96 13
90 30 13
90 11 5
90 14 10
90 44 11
90 98 8
90 25 3
50 91 6
50 2 3
50 81 5
50 94 4
50 35 11
50 61 6
50 19 3
50 49 9
50 22 12
50 33 7
50 6 6
50 93 11
50 60 10
50 39 2
50 96 2
50 73 6
50 20 4
50 63 4
50 34 1
50 72 10
50 85 5
50 62 1
50 75 11
50 11 13
50 14 12
50 44 8
50 25 1
50 74 12
50 87 12
50 1 12
50 31 2
50 77 4
50 12 1
50 54 7
50 42 13
50 15 2
50 48 3
50 86 9
50 53 12
50 66 3
50 46 1
50 56 4
50 98 6
50 65 7
50 78 5
50 68 5
50 23 6
50 4 11
50 26 10
50 7 3
50 37 10
50 10 11
50 21 7
50 57 12
50 70 2
50 8 8
50 38 4
50 79 6
50 92 11
50 69 5
50 82 9
50 59 7
50 18 9
91 34 7
91 65 2
91 98 10
91 30 2
91 11 4
91 14 1
91 44 3
91 25 2
91 26 6
91 89 5
91 31 5
91 61 12
91 42 13
91 73 5
91 15 9
91 45 10
91 99 13
91 75 13
91 76 7
91 57 8
91 87 4
91 59 6
91 60 2
91 74 13
91 46 11
91 77 9
91 23 5
91 4 1
91 56 13
91 7 9
91 37 7
91 68 3
91 10 4
91 52 11
91 82 6
91 54 9
91 6 12
91 8 12
91 38 7
91 69 3
91 92 6
91 72 5
91 86 4
91 94 6
91 2 7
91 35 9
91 16 2
91 19 9
91 49 13
91 1 5
91 96 13
91 33 11
91 63 4
91 64 12
91 66 1
91 17 13
91 48 10
91 78 2
91 20 2
77 70 7
77 12 5
77 43 13
77 73 4
77 76 7
77 27 6
77 57 2
77 59 12
77 60 8
77 74 8
77 87 1
77 23 4
77 89 12
77 4 4
77 35 8
77 7 7
77 37 11
77 68 8
77 21 6
77 22 10
77 52 13
77 6 6
77 78 5
77 66 5
77 8 10
77 39 9
77 81 13
77 72 5
77 53 12
77 93 5
77 18 7
77 30 13
77 2 9
77 14 6
77 16 7
77 92 1
77 82 1
77 19 9
77 49 6
77 1 12
77 3 6
77 33 9
77 63 9
77 64 3
77 15 8
77 45 9
77 48 6
77 94 13
77 62 11
77 34 7
77 65 8
77 46 12
77 96 1
77 86 10
77 11 13
77 44 11
77 56 9
42 44 9
42 57 5
42 89 1
42 79 12
42 2 11
42 92 11
42 4 12
42 46 3
42 35 6
42 59 5
42 16 2
42 49 4
42 22 7
42 3 13
42 33 10
42 6 13
42 81 6
42 94 1
42 48 4
42 39 7
42 61 6
42 20 8
42 34 11
42 70 5
42 30 8
42 11 11
42 14 4
42 82 11
42 25 4
42 72 13
42 62 12
42 75 12
42 1 7
42 52 8
42 31 5
42 12 5
42 15 5
42 74 13
42 51 12
42 87 10
42 64 9
42 54 12
42 96 4
42 86 8
42 63 9
42 99 3
42 76 12
42 53 6
42 66 12
42 43 3
42 56 11
42 98 3
42 10 6
42 65 13
42 21 1
42 68 3
42 45 3
42 27 7
42 8 1
42 38 7
33 38 8
33 93 12
33 60 12
33 73 8
33 26 7
33 7 12
33 63 3
33 21 2
33 27 9
33 85 3
33 8 9
33 62 8
33 75 12
33 52 8
33 74 9
33 87 1
33 64 13
33 18 11
33 54 4
33 44 12
33 2 13
33 96 4
33 86 4
33 16 5
33 99 4
33 76 5
33 53 9
33 66 3
33 43 2
33 22 11
33 56 9
33 3 8
33 6 2
33 17 10
33 98 13
33 20 9
33 65 12
33 78 12
33 68 8
33 35 6
33 30 5
33 57 7
33 25 5
33 1 6
33 31 11
33 12 3
33 92 9
33 69 3
33 82 10
33 15 4
33 59 1
33 94 10
33 48 10
33 61 3
38 6 10
38 74 12
38 51 8
38 87 11
38 20 3
38 64 7
38 54 2
38 34 1
38 96 5
38 86 4
38 99 10
38 76 11
38 53 4
38 66 7
38 43 2
38 30 12
38 56 9
38 11 6
38 14 6
38 25 11
38 65 1
38 78 3
38 12 4
38 45 9
38 15 4
38 44 1
38 89 2
38 79 10
38 92 9
38 69 12
38 82 3
38 23 7
38 59 2
38 4 6
38 7 4
38 37 6
38 10 1
38 81 3
38 48 1
38 27 7
38 61 8
38 8 9
38 93 6
38 70 6
38 60 8
38 73 2
38 18 6
38 2 8
38 72 8
38 35 4
38 85 10
38 16 7
38 39 9
38 75 11
38 19 4
38 22 2
38 3 11
73 74 4
73 87 8
73 35 4
73 16 5
73 68 6
73 19 13
73 52 5
73 63 6
73 86 11
73 6 9
73 99 6
73 76 12
73 66 13
73 89 7
73 39 13
73 20 4
73 72 5
73 53 3
73 34 12
73 78 8
73 30 8
73 11 10
73 25 1
73 1 4
73 61 13
73 12 4
73 64 13
73 45 13
73 48 11
73 79 1
73 59 9
73 92 3
73 51 1
73 62 3
73 82 7
73 65 10
73 46 2
73 94 13
73 23 12
73 4 13
73 56 4
73 7 11
73 37 5
73 93 6
73 10 1
73 70 13
73 21 11
73 96 13
73 43 1
73 54 6
73 57 6
73 60 13
73 85 9
73 75 2
73 18 12
73 2 6
74 75 3
74 54 9
74 27 6
74 8 12
74 60 7
74 72 2
74 87 6
74 18 3
74 99 11
74 89 9
74 35 12
74 79 8
74 16 5
74 68 8
74 19 7
74 49 1
74 22 4
74 52 2
74 63 11
74 6 12
74 78 3
74 66 10
74 17 11
74 69 7
74 20 1
74 51 4
74 53 10
74 34 7
74 11 5
74 14 1
74 44 3
74 25 7
74 82 11
74 31 5
74 61 5
74 12 10
74 64 7
74 45 12
74 48 7
74 81 13
74 59 1
74 94 8
74 62 5
74 46 5
74 96 1
74 23 3
74 26 9
74 56 11
74 7 9
74 37 1
74 10 8
74 70 13
74 85 9
74 43 8
74 98 2
6 61 8
6 15 6
6 51 8
6 18 6
6 93 12
6 60 1
6 96 11
6 63 12
6 2 1
6 17 12
6 30 4
6 7 9
6 20 5
6 85 7
6 62 7
6 3 8
6 52 1
6 65 6
6 19 2
6 64 4
6 54 6
6 31 4
6 8 7
6 44 12
6 21 8
6 11 3
6 99 7
6 76 3
6 53 3
6 89 5
6 66 8
6 43 2
6 56 10
6 23 7
6 98 5
6 78 10
6 68 5
6 45 8
6 22 10
6 35 4
6 12 8
6 25 1
6 57 12
6 70 3
6 37 13
6 14 12
6 79 1
6 4 3
6 69 11
6 59 1
6 26 9
6 39 4
6 16 13
25 34 2
25 15 7
25 17 12
25 79 8
25 92 8
25 69 8
25 46 2
25 59 13
25 26 1
25 68 11
25 81 11
25 61 4
25 12 12
25 93 5
25 70 1
25 60 2
25 37 3
25 27 8
25 72 10
25 49 8
25 85 2
25 39 9
25 52 3
25 23 13
25 4 2
25 87 10
25 64 13
25 19 9
25 54 5
25 21 10
25 31 3
25 22 6
25 3 13
25 8 10
25 86 4
25 63 2
25 99 3
25 20 2
25 76 12
25 53 4
25 30 5
25 66 9
25 43 5
25 98 3
25 75 11
25 18 8
25 78 2
25 45 5
25 35 8
25 14 5
25 16 4
25 1 7
25 44 5
34 1 10
34 31 9
34 81 3
34 12 13
34 94 2
34 15 13
34 61 11
34 51 6
34 93 7
34 63 9
34 72 6
34 23 5
34 85 4
34 4 3
34 62 7
34 39 5
34 75 1
34 26 12
34 21 2
34 27 9
34 8 1
34 64 9
34 54 7
34 44 7
34 86 5
34 99 13
34 53 11
34 89 11
34 66 11
34 18 9
34 56 6
34 2 3
34 98 7
34 16 3
34 65 11
34 78 3
34 19 12
34 68 9
34 22 8
34 45 2
34 3 6
34 35 2
34 20 2
34 57 8
34 70 2
34 37 4
34 79 8
34 92 8
34 30 9
34 46 13
34 82 11
34 11 13
34 59 1
39 81 2
39 94 5
39 48 8
39 61 4
39 51 3
39 18 10
39 93 4
39 96 10
39 86 4
39 63 2
39 19 7
39 31 5
39 15 3
39 85 9
39 17 7
39 62 5
39 98 7
39 20 3
39 52 2
39 65 7
39 30 7
39 44 13
39 11 5
39 14 1
39 26 5
39 76 1
39 89 6
39 10 6
39 43 13
39 79 10
39 12 7
39 46 3
39 27 9
39 78 12
39 68 13
39 45 4
39 57 8
39 70 6
39 23 8
39 60 5
39 4 5
39 7 7
39 37 12
39 21 1
39 92 2
39 22 2
39 69 9
39 59 1
39 72 7
39 49 11
81 69 12
81 20 1
81 51 6
81 93 3
81 30 7
81 11 8
81 44 1
81 92 2
81 1 9
81 82 4
81 31 5
81 61 12
81 12 13
81 64 6
81 15 9
81 45 7
81 75 4
81 78 2
81 59 10
81 62 9
81 94 9
81 65 4
81 46 8
81 79 13
81 96 8
81 26 11
81 7 10
81 37 8
81 10 10
81 70 13
81 21 9
81 43 8
81 85 3
81 76 2
81 27 13
81 8 5
81 60 3
81 72 1
81 87 11
81 2 12
81 99 6
81 35 3
81 89 13
81 68 7
81 19 8
81 49 8
81 22 12
81 52 8
81 3 1
81 63 13
81 66 9
81 17 2
44 12 7
44 79 12
44 92 3
44 27 4
44 69 11
44 8 3
44 46 2
44 59 12
44 49 1
44 94 6
44 61 12
44 18 3
44 51 13
44 4 11
44 93 10
44 35 1
44 7 10
44 37 4
44 19 12
44 21 10
44 22 10
44 3 7
44 20 4
44 72 13
44 85 6
44 62 9
44 75 12
44 52 11
44 87 10
44 2 7
44 54 1
44 14 9
44 16 11
44 86 2
44 1 7
44 31 6
44 99 4
44 76 4
44 89 12
44 66 1
44 15 1
44 56 7
44 17 13
44 98 6
44 65 10
44 78 10
44 68 13
44 23 8
44 57 4
44 26 3
44 70 6
10 54 2
10 31 11
10 21 9
10 11 3
10 86 2
10 99 6
10 76 6
10 4 10
10 53 4
10 89 4
10 20 7
10 56 6
10 23 6
10 98 13
10 65 10
10 78 7
10 8 3
10 68 2
10 45 11
10 22 8
10 12 6
10 57 6
10 37 7
10 14 4
10 79 6
10 92 12
10 69 8
10 46 1
10 59 11
10 3 10
10 26 7
10 16 13
10 94 11
10 48 8
10 61 4
10 15 2
10 51 6
10 18 5
10 93 3
10 60 4
10 96 3
10 63 6
10 17 7
10 30 3
10 1 7
10 85 13
10 75 12
10 52 6
10 19 1
10 87 1
10 64 11
54 21 12
54 87 1
54 64 9
54 8 8
54 96 3
54 86 3
54 99 2
54 76 8
54 89 10
54 66 6
54 56 8
54 18 9
54 98 5
54 68 8
54 35 7
54 19 1
54 49 4
54 22 7
54 52 2
54 3 13
54 17 10
54 20 9
54 53 8
54 92 3
54 69 7
54 82 11
54 30 1
54 14 4
54 94 2
54 61 2
54 1 2
54 31 8
54 12 4
54 15 11
54 45 1
54 93 10
54 48 12
54 60 7
54 51 8
54 63 8
54 46 8
54 72 5
54 85 12
54 62 2
54 75 10
54 4 6
54 26 4
54 7 13
54 37 2
2 17 9
2 30 7
2 7 10
2 85 6
2 75 8
2 52 4
2 19 6
2 51 1
2 87 10
2 64 2
2 31 12
2 21 8
2 96 1
2 63 6
2 99 12
2 53 12
2 43 4
2 20 8
2 56 12
2 23 6
2 98 7
2 65 9
2 78 8
2 68 3
2 45 9
2 22 7
2 35 13
2 12 5
2 57 9
2 37 13
2 14 12
2 4 9
2 89 6
2 79 6
2 92 5
2 46 6
2 82 3
2 59 3
2 49 3
2 26 8
2 3 13
2 16 12
2 48 12
2 61 2
2 15 13
2 18 4
2 93 12
2 70 2
2 1 2
3 15 12
3 93 13
3 70 6
3 60 3
3 27 2
3 63 13
3 17 1
3 30 6
3 7 1
3 72 9
3 1 2
3 85 10
3 62 3
3 75 8
3 52 7
3 19 8
3 87 13
3 64 1
3 31 12
3 8 12
3 21 1
3 11 4
3 96 5
3 86 2
3 76 13
3 53 11
3 89 11
3 66 12
3 43 1
3 20 4
3 56 10
3 65 12
3 78 3
3 68 11
3 22 4
3 35 7
3 12 4
3 57 2
3 37 5
3 79 12
3 69 11
3 46 8
3 82 2
3 49 1
3 26 2
3 16 9
3 94 5
3 48 11
15 57 10
15 70 11
15 37 2
15 92 5
15 69 2
15 46 13
15 82 9
15 59 12
15 49 12
15 11 10
15 26 7
15 14 3
15 16 13
15 94 5
15 1 8
15 48 6
15 12 10
15 61 2
15 51 8
15 18 7
15 96 1
15 63 4
15 17 13
15 30 11
15 72 3
15 85 10
15 62 3
15 75 6
15 52 2
15 4 9
15 19 2
15 7 9
15 87 7
15 64 13
15 8 2
15 21 12
15 86 4
15 76 9
15 53 5
15 43 5
15 20 9
15 56 1
15 65 5
15 78 13
15 68 3
15 22 5
15 35 7
22 93 4
22 60 2
22 96 10
22 53 11
22 30 8
22 85 9
22 62 12
22 98 13
22 4 9
22 52 5
22 65 10
22 7 9
22 21 8
22 87 1
22 64 4
22 8 5
22 31 12
22 86 5
22 99 4
22 76 10
22 89 5
22 56 3
22 46 3
22 16 13
22 78 8
22 19 13
22 68 11
22 35 3
22 17 3
22 20 2
22 57 8
22 70 7
22 27 11
22 79 5
22 92 8
22 69 10
22 82 1
22 59 13
22 11 5
22 72 2
22 49 3
22 26 7
22 14 3
22 1 4
22 94 12
22 48 9
22 61 13
22 51 2
14 37 7
14 79 4
14 92 7
14 1 13
14 69 9
14 46 8
14 82 13
14 12 3
14 49 7
14 26 5
14 16 13
14 94 10
14 48 3
14 61 5
14 51 4
14 18 1
14 93 5
14 96 3
14 4 3
14 63 12
14 17 11
14 7 5
14 72 13
14 85 10
14 62 13
14 75 11
14 19 1
14 87 12
14 64 2
14 31 5
14 21 2
14 99 6
14 76 8
14 53 11
14 89 7
14 66 4
14 43 11
14 56 2
14 23 8
14 65 7
14 78 5
14 68 10
14 45 7
14 35 1
14 57 7
14 70 10
75 18 4
75 4 6
75 35 1
75 79 4
75 68 13
75 19 5
75 92 5
75 49 13
75 82 13
75 52 8
75 63 7
75 66 13
75 17 3
75 69 9
75 20 5
75 53 3
75 93 8
75 30 4
75 11 12
75 96 8
75 1 13
75 31 8
75 12 13
75 85 9
75 64 7
75 45 11
75 59 3
75 62 10
75 46 3
75 87 3
75 86 2
75 23 1
75 99 4
75 76 12
75 26 1
75 89 11
75 56 9
75 7 10
75 37 5
75 70 7
75 21 4
75 43 11
75 98 7
75 57 3
75 8 7
75 60 5
65 78 2
65 23 7
65 4 6
65 70 11
65 7 4
65 37 8
65 92 4
65 69 6
65 8 2
65 72 1
65 53 11
65 18 8
65 16 4
65 96 6
65 19 1
65 49 13
65 1 5
65 63 13
65 17 3
65 48 11
65 20 10
65 51 3
65 85 1
65 98 9
65 62 3
65 46 10
65 87 7
65 30 10
65 11 11
65 26 5
65 56 6
65 61 5
65 12 11
65 43 10
65 89 11
65 66 11
65 45 4
65 79 10
65 27 9
65 57 6
65 59 1
65 60 3
4 96 3
4 86 10
4 63 10
4 99 4
4 76 11
4 53 13
4 30 5
4 66 10
4 43 11
4 1 5
4 98 11
4 45 3
4 35 9
4 12 2
4 87 6
4 57 13
4 89 8
4 79 11
4 56 13
4 92 1
4 69 7
4 23 11
4 26 2
4 16 5
4 48 2
4 93 11
4 70 5
4 60 8
4 27 2
4 17 12
4 7 13
4 82 3
4 72 9
4 62 9
4 52 12
4 19 11
4 94 5
4 51 12
4 64 3
4 18 2
4 31 4
4 8 4
4 21 6
96 99 9
96 35 9
96 7 5
96 68 13
96 19 11
96 21 1
96 52 3
96 82 2
96 85 7
96 69 11
96 20 10
96 53 9
96 18 9
96 30 4
96 16 3
96 49 2
96 1 6
96 31 4
96 61 9
96 94 6
96 45 7
96 17 8
96 48 7
96 78 4
96 62 8
96 46 4
96 79 12
96 11 3
96 26 7
96 56 12
96 89 12
96 12 4
96 43 9
96 98 13
96 76 3
96 27 12
96 57 1
96 59 8
96 60 6
96 93 6
96 23 3
78 46 13
78 23 5
78 26 5
78 56 1
78 37 11
78 79 4
78 92 8
78 82 7
78 70 2
78 43 13
78 27 1
78 57 8
78 60 6
78 94 6
78 18 9
78 35 6
78 19 3
78 49 1
78 85 11
78 63 2
78 98 10
78 66 9
78 17 12
78 69 8
78 72 10
78 53 3
78 87 13
78 30 5
78 11 2
78 86 13
78 99 4
78 89 2
78 1 7
78 31 1
78 61 4
78 12 2
78 64 7
78 45 7
78 48 6
43 87 10
43 64 11
43 7 6
43 37 13
43 86 8
43 99 2
43 76 10
43 89 13
43 21 1
43 66 9
43 79 6
43 56 10
43 27 12
43 8 3
43 68 6
43 45 3
43 18 4
43 70 7
43 35 2
43 16 8
43 19 8
43 92 4
43 69 7
43 59 2
43 17 8
43 49 4
43 20 9
43 48 6
43 61 2
43 51 1
43 30 6
43 11 8
43 63 10
43 1 2
43 31 11
43 12 1
43 62 9
43 98 5
43 52 4
87 76 8
87 27 10
87 57 10
87 8 3
87 60 5
87 99 10
87 98 11
87 35 12
87 16 1
87 68 13
87 19 4
87 49 1
87 52 3
87 82 7
87 63 9
87 85 3
87 66 11
87 17 7
87 20 11
87 72 3
87 86 9
87 30 10
87 1 10
87 31 7
87 61 4
87 12 11
87 64 8
87 45 5
87 48 7
87 59 2
87 62 2
87 93 13
87 46 6
87 79 2
87 23 10
87 26 9
87 56 7
87 7 12
87 37 13
87 21 4
16 70 3
16 60 11
16 37 5
16 27 5
16 17 7
16 30 2
16 82 7
16 11 1
16 62 8
16 19 9
16 1 4
16 12 3
16 51 8
16 64 9
16 18 1
16 31 8
16 86 3
16 99 3
16 76 6
16 53 8
16 66 3
16 20 9
16 23 13
16 98 13
16 7 6
16 68 4
16 45 12
16 35 3
16 8 11
16 57 2
16 89 6
16 79 13
16 92 12
16 69 7
16 46 9
16 59 4
16 26 4
16 94 12
16 48 7
70 1 3
70 31 12
70 61 11
70 63 10
70 64 7
70 86 2
70 45 5
70 99 3
70 76 8
70 17 6
70 89 9
70 59 2
70 62 8
70 98 11
70 11 9
70 26 3
70 12 9
70 27 10
70 57 5
70 79 8
70 60 4
70 92 9
70 82 8
70 94 13
70 35 8
70 37 13
70 68 13
70 19 3
70 49 13
70 21 6
70 52 13
70 8 5
70 69 1
70 20 11
70 53 6
70 72 7
70 85 2
70 18 4
70 30 10
35 60 5
35 72 11
35 62 11
35 52 10
35 23 9
35 26 11
35 7 9
35 64 7
35 27 3
35 8 5
35 86 5
35 99 3
35 76 7
35 53 1
35 89 7
35 66 3
35 56 12
35 98 9
35 18 8
35 68 2
35 45 12
35 19 11
35 17 12
35 37 7
35 20 10
35 92 1
35 69 3
35 49 9
35 11 11
35 94 2
35 48 10
35 61 13
35 51 13
35 31 6
35 93 13
48 17 3
48 20 8
48 57 3
48 30 6
48 11 12
48 69 4
48 82 1
48 59 3
48 72 7
48 1 9
48 31 4
48 45 7
48 94 6
48 51 9
48 93 6
48 60 9
48 63 11
48 23 12
48 26 8
48 7 8
48 85 4
48 37 10
48 62 13
48 98 5
48 52 1
48 21 12
48 27 5
48 8 2
48 64 10
48 86 7
48 99 5
48 18 10
48 76 6
48 66 7
48 79 10
48 56 6
48 19 12
99 23 7
99 26 11
99 56 13
99 7 2
99 21 2
99 27 11
99 57 12
99 8 3
99 60 11
99 93 6
99 18 6
99 49 12
99 52 7
99 82 9
99 63 3
99 69 3
99 20 2
99 72 13
99 53 6
99 86 11
99 30 6
99 11 2
99 1 9
99 31 12
99 61 12
99 94 5
99 45 8
99 59 7
99 51 4
99 62 8
99 92 2
99 46 5
99 98 11
99 79 9
1 57 5
1 37 13
1 79 5
1 92 10
1 69 10
1 82 6
1 49 6
1 26 2
1 61 1
1 51 6
1 93 4
1 60 11
1 27 5
1 63 9
1 17 9
1 30 3
1 7 8
1 72 13
1 85 1
1 62 13
1 52 1
1 19 8
1 64 9
1 31 12
1 8 10
1 21 13
1 11 10
1 53 13
1 66 5
1 56 5
1 46 8
1 98 2
1 68 10
1 45 5
1 12 8
7 21 11
7 11 11
7 86 7
7 63 10
7 76 7
7 53 8
7 66 2
7 20 8
7 23 6
7 98 3
7 68 10
7 45 9
7 57 10
7 37 6
7 79 3
7 92 2
7 69 11
7 46 1
7 59 8
7 49 6
7 94 13
7 61 9
7 93 6
7 60 13
7 27 8
7 17 1
7 72 11
7 62 5
7 52 11
7 19 3
7 51 10
7 64 12
7 31 9
7 8 1
21 31 4
21 86 13
21 63 9
21 8 7
21 76 11
21 53 13
21 66 4
21 23 3
21 98 5
21 18 6
21 68 4
21 19 13
21 57 5
21 17 13
21 89 1
21 79 9
21 56 11
21 92 12
21 69 12
21 59 8
21 49 12
21 26 12
21 94 1
21 61 7
21 93 6
21 12 12
21 60 8
21 27 13
21 30 11
21 82 5
21 72 6
21 85 8
21 62 7
21 52 4
21 51 7
57 31 5
57 64 3
57 51 3
57 86 5
57 76 10
57 89 6
57 46 6
57 66 7
57 98 11
57 23 12
57 26 10
57 56 7
57 37 3
57 27 8
57 8 11
57 79 8
57 92 10
57 69 8
57 82 1
57 72 1
57 94 4
57 19 1
57 61 7
57 49 2
57 17 9
57 93 5
57 20 6
57 60 5
57 53 2
57 63 9
57 85 2
57 62 3
57 30 1
57 11 2
61 17 1
61 79 10
61 69 10
61 82 4
61 30 8
61 11 8
61 94 13
61 31 13
61 12 12
61 45 13
61 93 6
61 59 6
61 51 11
61 63 11
61 46 11
61 72 6
61 85 5
61 62 4
61 23 9
61 26 7
61 56 5
61 37 4
61 64 4
61 8 12
61 60 7
61 86 1
61 76 7
61 66 9
61 18 10
61 68 10
61 52 7
18 30 5
18 72 9
18 85 9
18 62 13
18 19 12
18 51 5
18 31 10
18 86 4
18 76 7
18 53 2
18 89 5
18 66 8
18 20 3
18 56 9
18 23 7
18 17 1
18 98 11
18 45 11
18 11 8
18 79 6
18 92 10
18 12 4
18 69 2
18 46 12
18 82 2
18 59 10
18 49 8
18 26 10
18 8 3
18 94 7
18 93 7
18 60 10
18 63 12
30 92 5
30 69 10
30 46 7
30 82 11
30 59 2
30 19 2
30 94 2
30 17 1
30 20 12
30 51 12
30 93 12
30 60 4
30 63 6
30 11 8
30 85 12
30 62 8
30 52 7
30 12 6
30 64 6
30 76 11
30 89 12
30 66 6
30 56 9
30 23 3
30 26 11
30 98 9
30 68 1
30 45 4
30 27 10
30 8 9
30 37 11
60 49 5
60 52 2
60 17 13
60 20 8
60 89 12
60 66 7
60 79 8
60 68 11
60 31 4
60 12 12
60 45 1
60 93 4
60 59 5
60 46 5
60 69 13
60 82 10
60 53 9
60 72 4
60 23 4
60 26 6
60 94 4
60 86 8
60 63 9
60 85 13
60 62 3
60 98 10
46 98 3
46 68 7
46 11 1
46 31 10
46 12 13
46 27 11
46 79 4
46 69 3
46 82 2
46 59 7
46 94 6
46 23 11
46 37 9
46 93 9
46 72 10
46 62 6
46 52 8
46 64 1
46 19 5
46 17 1
46 86 3
46 20 10
46 76 3
46 53 10
46 89 5
46 66 6
46 56 4
98 23 9
98 56 4
98 37 12
98 68 3
98 85 10
98 8 13
98 69 11
98 53 11
98 86 5
98 19 1
98 49 13
98 52 1
98 82 9
98 63 8
98 64 2
98 94 7
98 66 8
98 20 2
98 51 7
98 79 12
98 11 8
98 89 8
98 31 8
98 12 7
98 27 11
98 59 12
98 62 8
98 92 6
98 93 4
17 93 3
17 27 6
17 72 7
17 85 7
17 62 11
17 52 10
17 19 8
17 11 5
17 64 13
17 12 12
17 86 8
17 63 5
17 76 11
17 53 2
17 66 10
17 20 7
17 56 6
17 23 13
17 68 13
17 45 1
17 37 4
17 89 2
17 8 8
17 69 1
17 82 1
17 59 7
17 49 1
17 26 3
45 79 13
45 92 1
45 69 1
45 82 5
45 59 7
45 26 13
45 49 4
45 37 5
45 94 3
45 27 11
45 8 12
45 72 7
45 85 7
45 62 2
45 52 6
45 64 8
45 86 12
45 76 10
45 53 4
45 89 8
45 66 9
45 11 10
45 56 10
45 31 11
45 12 11
45 68 13
69 94 12
69 12 2
69 86 7
69 64 10
69 59 13
69 51 6
69 62 13
69 85 13
69 23 13
69 26 11
69 89 1
69 27 3
69 79 6
69 8 4
69 68 13
69 52 4
69 92 3
69 20 3
69 82 11
69 72 2
31 27 4
31 37 13
31 8 3
31 79 9
31 92 8
31 82 1
31 59 11
31 49 7
31 94 8
31 51 8
31 93 4
31 63 2
31 85 10
31 62 3
31 52 2
31 11 2
31 64 10
31 76 13
31 53 8
31 89 11
31 56 1
31 23 2
20 94 11
20 51 13
20 93 9
20 27 4
20 63 9
20 8 9
20 72 7
20 85 11
20 62 11
20 52 8
20 86 6
20 76 6
20 53 10
20 89 2
20 66 9
20 56 13
20 23 3
20 68 12
20 11 10
20 12 1
20 37 10
20 92 6
20 82 3
20 49 9
20 26 10
94 72 10
94 53 9
94 11 11
94 12 3
94 59 5
94 51 12
94 62 8
94 92 11
94 79 10
94 23 12
94 26 10
94 37 8
94 89 11
94 76 7
94 27 13
94 93 11
94 68 5
94 19 13
94 52 12
94 82 10
94 63 7
94 85 7
94 66 9
12 37 12
12 89 7
12 79 6
12 92 9
12 59 7
12 49 13
12 93 4
12 27 6
12 72 8
12 85 13
12 62 5
12 51 8
12 64 11
12 86 12
12 63 12
12 76 9
12 53 7
12 66 1
12 56 1
12 23 3
12 11 9
12 68 13
51 68 2
51 8 6
51 93 13
51 92 3
51 82 12
51 59 3
51 72 2
51 49 1
51 86 13
51 63 9
51 53 13
51 11 7
51 85 9
51 62 8
51 52 9
51 27 1
51 64 6
51 76 12
51 89 12
51 79 7
51 23 11
51 37 1
68 93 10
68 62 3
68 26 10
68 56 9
68 37 13
68 27 8
68 8 5
68 86 9
68 76 3
68 89 10
68 79 3
68 19 2
68 49 6
68 52 12
68 63 8
68 66 9
68 53 6
68 82 2
68 72 4
68 64 6
23 86 4
23 76 6
23 53 2
23 56 12
23 8 9
23 37 1
23 79 7
23 92 10
23 82 9
23 59 9
23 49 5
23 26 9
23 19 12
23 93 4
23 27 10
23 63 3
23 11 7
23 72 10
23 85 3
23 52 8
23 64 2
86 26 13
86 56 12
86 85 8
86 27 4
86 72 1
86 19 3
86 49 3
86 52 7
86 82 2
86 64 5
86 66 2
86 53 11
86 89 8
86 11 8
86 76 6
86 59 9
86 93 2
86 62 9
86 79 5
86 92 1
64 27 6
64 8 1
64 82 4
64 19 3
64 49 3
64 63 1
64 93 4
64 53 11
64 85 3
64 11 5
64 59 3
64 76 7
64 89 5
64 66 13
64 79 3
64 26 7
64 56 7
64 37 8
37 63 13
37 76 11
37 56 12
37 11 5
37 92 3
37 27 7
37 59 8
37 8 7
37 49 10
37 93 3
37 19 2
37 82 12
37 72 7
37 85 3
37 52 13
66 26 5
66 56 6
66 8 7
66 72 12
66 85 1
66 19 5
66 49 1
66 52 9
66 63 7
66 76 1
66 89 2
66 11 4
66 79 7
66 92 4
66 59 6
66 82 3
66 62 8
76 26 10
76 56 3
76 27 9
76 89 8
76 8 4
76 19 9
76 93 10
76 49 4
76 52 5
76 63 7
76 92 11
76 82 3
76 53 9
76 11 13
76 59 3
76 62 13
76 85 13
93 19 11
93 49 2
93 82 9
93 63 4
93 85 5
93 53 6
93 11 9
93 59 7
93 62 9
93 92 4
93 26 10
93 56 1
93 89 12
93 27 12
93 8 11
93 72 8
85 19 7
85 49 1
85 82 8
85 63 7
85 72 8
85 53 13
85 62 12
85 79 9
85 26 9
85 56 7
85 92 1
85 27 4
85 8 9
8 11 9
8 53 3
8 89 11
8 56 13
8 79 4
8 92 13
8 82 10
8 59 6
8 49 6
8 26 3
8 63 4
8 72 7
8 62 10
8 19 1
27 19 5
27 89 5
27 11 2
27 79 6
27 92 3
27 82 11
27 59 6
27 72 2
27 49 8
27 26 10
27 63 11
27 53 1
27 62 6
27 52 9
19 63 13
19 62 9
19 52 5
19 53 12
19 89 1
19 56 13
19 11 9
19 92 3
19 59 1
19 49 5
19 26 6
11 89 13
11 79 2
11 92 12
11 59 8
11 49 2
11 26 3
11 82 9
11 72 11
11 62 11
11 52 12
11 63 1
89 26 8
89 56 3
89 49 6
89 52 13
89 92 10
89 82 10
89 72 12
89 53 1
89 63 10
89 59 6
89 79 12
62 49 3
62 52 12
62 79 7
62 53 4
62 63 4
62 72 6
62 26 6
62 56 1
49 63 6
49 72 7
49 53 8
49 56 12
49 26 6
49 79 13
49 59 5
63 72 12
63 53 3
63 59 2
63 26 12
63 79 5
63 92 13
63 82 5
92 59 3
92 79 5
92 56 7
92 52 11
92 82 7
92 72 8
92 53 6
26 53 8
26 56 13
26 79 1
26 82 10
26 59 1
26 52 10
79 59 1
79 82 11
79 56 5
79 72 3
79 53 6
79 52 3
53 52 3
53 56 3
53 72 11
72 59 12
72 52 12
72 82 2
56 82 2
56 59 3
56 52 9
82 52 7
59 52 9
1 96 79
2 82 30
5 33 35
5 9 98
6 28 76
7 39 6
9 49 0
9 25 49
9 10 12
9 67 9
10 8 5
14 7 9
18 53 64
18 81 86
19 57 47
19 72 80
26 42 74
34 93 85
34 63 48
37 29 61
38 22 4
39 24 22
39 3 63
43 47 50
43 2 43
44 99 62
48 97 46
50 84 89
52 14 26
54 61 66
56 37 84
60 60 71
61 83 14
64 91 56
70 45 25
71 75 29
72 0 44
73 15 49
81 1 88
82 95 67
83 19 29
83 35 87
83 88 41
86 32 18
87 20 85
94 16 35
94 64 29
97 26 72
98 74 39
