200 3980 89 17
107 128 192 63 88 63 120 157 198 174 187 132 134 146 165 141 99
0 2 1
0 10 7
0 11 4
0 19 4
0 21 2
0 23 5
0 32 2
0 34 7
0 36 7
0 40 6
0 42 2
0 51 5
0 61 6
0 65 4
0 67 6
0 69 2
0 71 5
0 76 7
0 79 3
0 81 2
0 83 1
0 84 8
0 85 1
0 91 5
0 92 3
0 100 6
0 115 2
0 121 2
0 143 6
0 151 6
0 153 4
0 155 4
0 172 7
0 173 6
0 182 7
0 188 8
0 194 3
1 3 1
1 5 6
1 20 7
1 35 8
1 38 8
1 39 5
1 44 8
1 46 5
1 47 2
1 60 2
1 64 3
1 67 3
1 68 8
1 80 4
1 85 2
1 94 8
1 95 6
1 102 6
1 106 6
1 108 2
1 109 5
1 111 7
1 112 5
1 114 8
1 128 4
1 135 3
1 140 6
1 143 8
1 144 6
1 149 4
1 153 8
1 165 7
1 170 8
1 173 5
1 175 6
1 179 2
1 180 2
1 184 6
1 190 7
1 192 4
2 4 1
2 17 6
2 18 7
2 23 4
2 28 7
2 35 3
2 36 8
2 39 4
2 40 5
2 41 1
2 45 6
2 51 6
2 57 2
2 60 7
2 62 3
2 74 7
2 81 6
2 82 6
2 86 7
2 96 7
2 98 4
2 100 1
2 103 8
2 104 5
2 111 5
2 112 7
2 113 2
2 115 6
2 117 8
2 122 1
2 129 7
2 130 8
2 137 6
2 141 8
2 148 8
2 153 7
2 162 6
2 163 4
2 172 5
2 177 3
2 190 1
2 191 1
2 192 4
2 196 4
3 13 4
3 16 5
3 18 2
3 27 2
3 36 3
3 38 4
3 40 3
3 49 3
3 52 5
3 54 5
3 56 5
3 67 1
3 77 8
3 83 1
3 86 4
3 93 5
3 95 1
3 98 4
3 112 8
3 114 6
3 117 3
3 123 2
3 126 1
3 132 2
3 134 6
3 135 1
3 143 5
3 148 1
3 153 7
3 154 7
3 155 7
3 182 8
3 185 7
4 5 3
4 7 8
4 11 2
4 12 3
4 13 7
4 14 4
4 20 6
4 24 5
4 27 3
4 28 4
4 33 2
4 37 1
4 39 3
4 40 2
4 44 5
4 46 7
4 52 2
4 54 5
4 57 8
4 60 7
4 64 5
4 65 3
4 75 6
4 79 7
4 99 1
4 106 6
4 116 1
4 119 4
4 127 7
4 132 6
4 142 1
4 148 5
4 158 8
4 159 3
4 163 1
4 173 4
4 177 8
4 178 3
4 194 8
5 9 8
5 16 2
5 22 8
5 26 1
5 30 6
5 35 8
5 36 5
5 38 4
5 42 7
5 45 1
5 47 3
5 60 6
5 61 1
5 67 7
5 72 3
5 74 8
5 77 5
5 83 2
5 89 6
5 90 3
5 93 2
5 96 5
5 99 1
5 112 5
5 114 5
5 120 8
5 127 6
5 135 1
5 139 5
5 147 1
5 148 7
5 154 3
5 155 1
5 160 8
5 165 8
5 169 1
5 170 8
5 174 3
5 185 5
5 192 4
5 195 3
6 11 1
6 14 5
6 20 2
6 24 2
6 30 1
6 38 8
6 45 7
6 47 1
6 61 4
6 66 1
6 67 1
6 73 3
6 74 8
6 78 5
6 81 3
6 94 3
6 103 2
6 105 4
6 106 6
6 107 3
6 109 2
6 111 1
6 118 3
6 119 1
6 128 8
6 131 2
6 133 8
6 150 5
6 161 4
6 171 3
6 175 8
6 180 7
6 191 5
6 192 7
6 198 7
7 9 1
7 10 2
7 15 5
7 16 5
7 19 4
7 29 4
7 33 3
7 39 6
7 47 1
7 49 3
7 56 3
7 61 3
7 63 5
7 64 3
7 68 5
7 73 3
7 74 3
7 84 3
7 95 6
7 107 7
7 114 1
7 124 3
7 131 6
7 132 7
7 135 8
7 138 1
7 143 1
7 148 6
7 152 3
7 159 7
7 160 7
7 164 6
7 166 8
7 170 8
7 174 3
7 177 7
7 189 6
7 194 3
7 197 8
8 10 2
8 19 6
8 20 4
8 29 6
8 37 5
8 49 7
8 51 4
8 53 6
8 54 8
8 55 4
8 60 4
8 61 5
8 64 2
8 81 2
8 83 6
8 89 7
8 106 1
8 107 7
8 110 5
8 111 1
8 115 3
8 130 4
8 131 5
8 133 4
8 135 3
8 147 3
8 154 6
8 157 4
8 161 5
8 165 3
8 169 6
8 175 1
8 177 2
8 179 3
8 185 5
8 190 8
8 192 3
8 193 2
9 16 7
9 18 6
9 23 3
9 25 4
9 26 3
9 28 8
9 32 4
9 40 3
9 48 4
9 53 3
9 55 6
9 56 6
9 57 1
9 58 7
9 60 1
9 65 5
9 66 6
9 69 1
9 75 7
9 76 2
9 92 5
9 97 7
9 104 2
9 105 5
9 107 5
9 108 3
9 114 4
9 120 4
9 123 1
9 125 2
9 131 8
9 139 3
9 140 1
9 144 5
9 147 8
9 159 5
9 163 7
9 167 5
9 169 3
9 187 4
9 193 3
9 197 3
10 19 5
10 21 8
10 29 4
10 38 5
10 39 8
10 46 7
10 51 7
10 65 7
10 74 8
10 76 7
10 79 8
10 82 2
10 85 7
10 86 4
10 87 3
10 91 8
10 102 2
10 111 8
10 113 6
10 117 8
10 128 5
10 129 2
10 140 7
10 145 6
10 148 1
10 150 7
10 151 6
10 158 3
10 159 7
10 162 7
10 172 3
10 176 4
10 183 7
10 192 6
10 197 8
10 198 7
11 16 2
11 18 5
11 21 5
11 34 7
11 37 1
11 39 8
11 41 3
11 50 1
11 57 8
11 60 7
11 67 4
11 69 1
11 73 6
11 79 4
11 84 7
11 88 7
11 94 1
11 103 6
11 112 1
11 114 6
11 121 3
11 135 1
11 136 8
11 140 4
11 141 1
11 148 5
11 156 5
11 162 5
11 166 3
11 170 4
11 172 1
11 173 7
11 176 7
11 181 3
11 185 2
11 186 6
11 187 1
11 188 4
11 190 4
11 191 5
11 199 5
12 13 4
12 14 4
12 15 8
12 20 8
12 21 6
12 30 4
12 37 8
12 42 7
12 54 2
12 56 1
12 59 3
12 66 7
12 77 6
12 83 2
12 87 2
12 109 1
12 110 7
12 112 5
12 115 6
12 121 2
12 148 3
12 157 1
12 163 8
12 164 8
12 167 2
12 181 5
12 182 5
12 184 5
12 194 5
13 20 4
13 22 3
13 24 2
13 32 7
13 36 5
13 39 3
13 51 2
13 53 1
13 61 1
13 63 1
13 73 3
13 87 1
13 88 8
13 94 5
13 100 5
13 108 5
13 112 4
13 117 8
13 123 1
13 124 2
13 127 6
13 131 5
13 134 1
13 135 3
13 140 6
13 141 6
13 145 4
13 158 1
13 162 3
13 173 6
13 174 3
13 186 1
13 191 7
13 192 8
14 34 3
14 44 1
14 46 7
14 62 2
14 68 3
14 74 7
14 76 4
14 78 8
14 88 2
14 91 1
14 92 5
14 95 8
14 96 4
14 110 8
14 115 7
14 117 8
14 118 6
14 121 6
14 122 6
14 141 7
14 147 4
14 148 4
14 150 4
14 151 1
14 154 3
14 160 6
14 168 2
14 172 5
14 180 3
14 182 5
14 194 8
15 17 8
15 18 4
15 29 2
15 36 2
15 37 5
15 39 8
15 49 8
15 55 7
15 64 2
15 69 6
15 76 3
15 79 4
15 80 7
15 85 8
15 88 6
15 90 2
15 91 1
15 106 8
15 107 3
15 112 7
15 116 6
15 134 6
15 135 4
15 136 4
15 145 4
15 149 4
15 150 3
15 151 4
15 152 2
15 155 6
15 172 8
15 174 5
15 178 2
15 181 2
15 184 6
15 186 7
15 188 1
15 193 5
15 197 4
16 17 2
16 24 8
16 27 3
16 28 4
16 32 6
16 34 8
16 35 4
16 37 2
16 38 6
16 48 2
16 52 3
16 53 7
16 57 2
16 58 8
16 60 4
16 66 3
16 70 8
16 76 2
16 81 2
16 82 3
16 89 1
16 90 3
16 108 8
16 112 3
16 124 4
16 141 4
16 149 2
16 153 8
16 156 4
16 161 2
16 163 1
16 168 2
16 179 2
16 180 3
16 187 5
16 194 1
16 196 2
16 199 2
17 18 2
17 20 6
17 21 2
17 23 4
17 40 3
17 43 5
17 44 4
17 47 7
17 55 3
17 57 2
17 58 2
17 60 4
17 62 6
17 63 4
17 74 6
17 76 8
17 83 8
17 85 6
17 88 4
17 91 5
17 100 1
17 112 3
17 113 5
17 114 5
17 115 8
17 116 6
17 122 1
17 124 2
17 129 6
17 136 7
17 137 1
17 139 4
17 142 7
17 145 2
17 147 5
17 148 3
17 161 5
17 165 7
17 170 8
17 171 3
17 175 6
17 180 1
17 183 7
17 193 8
17 195 5
18 19 5
18 20 6
18 21 4
18 34 7
18 38 1
18 40 7
18 49 7
18 56 1
18 68 3
18 71 1
18 77 8
18 83 5
18 89 6
18 90 5
18 99 6
18 102 4
18 105 7
18 107 4
18 110 8
18 116 4
18 117 8
18 123 8
18 125 1
18 130 1
18 134 1
18 138 2
18 140 4
18 143 3
18 149 7
18 152 3
18 155 5
18 159 5
18 162 1
18 164 1
18 169 2
18 170 2
18 172 2
18 177 2
18 180 3
18 196 5
18 199 7
19 22 7
19 24 8
19 25 6
19 27 2
19 33 6
19 38 6
19 39 7
19 42 2
19 45 5
19 49 7
19 54 7
19 55 8
19 63 7
19 65 3
19 76 8
19 78 5
19 102 7
19 106 2
19 108 1
19 113 8
19 118 5
19 123 8
19 130 3
19 137 8
19 151 4
19 153 2
19 154 8
19 157 7
19 164 4
19 165 1
19 173 5
19 177 5
19 178 1
19 192 1
19 194 2
19 196 6
20 25 1
20 28 8
20 30 7
20 31 3
20 38 4
20 50 1
20 59 8
20 65 8
20 66 4
20 67 8
20 70 6
20 77 1
20 94 1
20 100 8
20 105 6
20 106 3
20 122 7
20 123 8
20 124 5
20 132 7
20 138 5
20 142 7
20 145 2
20 162 3
20 163 8
20 164 5
20 168 5
20 170 7
20 177 3
20 178 6
20 181 7
20 182 3
20 187 7
21 24 6
21 41 2
21 44 1
21 48 3
21 62 3
21 66 5
21 69 1
21 89 8
21 92 8
21 93 3
21 100 1
21 103 3
21 104 3
21 106 4
21 107 7
21 113 8
21 119 6
21 125 8
21 126 4
21 128 1
21 134 3
21 143 1
21 161 5
21 166 2
21 179 8
21 181 1
21 192 7
22 28 5
22 30 4
22 38 6
22 40 6
22 44 4
22 45 8
22 55 3
22 58 1
22 59 2
22 60 3
22 63 3
22 71 1
22 81 8
22 87 4
22 90 2
22 102 8
22 117 8
22 121 4
22 125 7
22 126 3
22 134 6
22 141 2
22 142 7
22 144 3
22 150 4
22 151 5
22 170 7
22 172 1
22 174 8
22 179 8
22 180 5
22 182 6
22 186 1
22 187 1
22 191 5
22 192 1
22 194 8
22 197 5
23 25 6
23 34 2
23 39 2
23 41 4
23 46 6
23 47 1
23 51 2
23 61 1
23 65 3
23 66 6
23 68 4
23 72 3
23 74 6
23 79 4
23 82 3
23 84 8
23 86 1
23 90 2
23 97 1
23 98 3
23 100 4
23 105 2
23 111 6
23 123 7
23 126 6
23 141 4
23 149 7
23 152 7
23 154 4
23 157 3
23 164 3
23 166 4
23 171 4
23 179 4
23 181 8
23 184 7
23 189 7
23 198 2
24 25 6
24 27 2
24 42 8
24 52 7
24 59 5
24 62 7
24 71 3
24 85 6
24 87 8
24 95 8
24 100 5
24 109 2
24 110 4
24 111 2
24 113 3
24 114 8
24 116 3
24 125 4
24 131 6
24 138 1
24 144 7
24 149 8
24 151 7
24 153 8
24 168 2
24 173 2
24 175 2
24 183 5
24 191 2
24 197 7
25 26 5
25 29 3
25 37 3
25 39 4
25 42 1
25 47 6
25 48 2
25 51 8
25 57 4
25 58 6
25 62 6
25 65 4
25 66 2
25 67 3
25 74 5
25 79 4
25 82 3
25 110 6
25 117 4
25 121 4
25 123 5
25 125 8
25 130 2
25 140 2
25 149 2
25 151 6
25 154 8
25 171 3
25 173 6
25 186 4
25 194 5
25 196 4
25 197 1
25 198 1
26 44 2
26 51 3
26 52 4
26 53 1
26 64 5
26 67 5
26 68 2
26 76 4
26 82 6
26 88 2
26 91 8
26 96 2
26 101 8
26 106 5
26 110 4
26 119 6
26 122 2
26 123 2
26 127 8
26 130 5
26 132 1
26 135 2
26 146 8
26 149 8
26 155 7
26 156 4
26 162 7
26 170 6
26 176 1
26 198 6
26 199 6
27 35 8
27 37 1
27 39 1
27 40 5
27 43 1
27 51 3
27 53 4
27 64 7
27 65 1
27 70 1
27 81 6
27 90 1
27 95 8
27 103 7
27 108 5
27 109 1
27 116 3
27 117 4
27 120 3
27 129 7
27 130 8
27 133 7
27 134 5
27 139 1
27 146 7
27 156 2
27 159 3
27 162 1
27 163 5
27 168 2
27 169 7
27 171 5
27 173 2
27 183 3
27 187 5
28 32 8
28 33 2
28 36 5
28 57 6
28 58 8
28 64 7
28 65 5
28 66 4
28 75 6
28 76 1
28 84 2
28 86 6
28 90 3
28 95 8
28 107 2
28 113 2
28 120 8
28 121 6
28 122 6
28 131 3
28 137 4
28 140 2
28 145 8
28 151 1
28 153 7
28 162 8
28 164 2
28 167 1
28 179 1
28 180 4
28 181 4
28 183 6
28 184 6
28 196 6
28 198 7
28 199 8
29 32 1
29 34 5
29 49 5
29 53 1
29 54 2
29 59 5
29 60 7
29 64 1
29 65 7
29 67 2
29 72 4
29 79 2
29 84 5
29 86 8
29 94 1
29 99 8
29 105 7
29 107 7
29 110 1
29 111 1
29 114 1
29 119 7
29 124 5
29 128 3
29 132 2
29 133 4
29 144 8
29 154 6
29 158 5
29 161 2
29 162 7
29 165 1
29 168 4
29 169 7
29 170 7
29 171 8
29 172 8
29 180 7
29 182 1
29 190 1
30 40 3
30 42 3
30 43 7
30 44 7
30 45 6
30 49 2
30 56 7
30 59 5
30 64 3
30 76 5
30 86 6
30 88 6
30 94 1
30 95 5
30 104 3
30 111 3
30 115 1
30 118 4
30 119 3
30 122 7
30 123 8
30 128 3
30 138 6
30 143 2
30 145 3
30 152 8
30 159 1
30 164 1
30 166 2
30 169 2
30 174 6
30 195 8
30 196 2
30 198 2
31 32 6
31 33 5
31 35 8
31 41 5
31 46 7
31 48 2
31 53 5
31 56 5
31 60 2
31 71 5
31 73 4
31 74 2
31 77 2
31 81 2
31 87 8
31 90 3
31 92 7
31 93 2
31 102 3
31 107 6
31 111 7
31 116 5
31 120 3
31 121 1
31 129 5
31 139 4
31 141 4
31 143 5
31 146 6
31 150 7
31 152 3
31 161 5
31 170 7
31 171 4
31 180 1
31 181 3
31 185 4
31 190 2
31 195 3
32 34 7
32 37 6
32 39 8
32 41 2
32 49 2
32 50 3
32 55 7
32 60 4
32 63 7
32 65 8
32 66 7
32 70 5
32 72 5
32 73 2
32 76 7
32 87 3
32 91 7
32 101 2
32 102 5
32 105 2
32 111 8
32 113 4
32 116 8
32 120 8
32 121 7
32 123 8
32 135 2
32 141 4
32 146 2
32 153 4
32 159 5
32 160 8
32 163 5
32 176 8
32 180 5
32 182 4
32 186 1
32 187 2
32 193 4
32 195 3
32 196 2
32 198 6
33 46 4
33 48 1
33 49 8
33 52 8
33 53 2
33 62 8
33 63 4
33 64 7
33 76 1
33 81 5
33 90 4
33 93 2
33 103 8
33 105 2
33 119 1
33 121 5
33 124 6
33 127 7
33 129 4
33 131 2
33 138 4
33 140 6
33 143 5
33 144 7
33 157 7
33 170 1
33 171 5
33 179 1
33 180 6
33 182 5
33 184 1
33 185 3
33 186 1
33 188 7
33 193 7
34 56 4
34 60 6
34 71 7
34 74 7
34 75 1
34 77 8
34 78 3
34 80 7
34 81 4
34 83 6
34 84 1
34 87 1
34 89 5
34 99 2
34 101 7
34 107 5
34 110 7
34 114 4
34 116 5
34 123 5
34 131 8
34 136 5
34 140 7
34 143 2
34 160 6
34 164 8
34 172 6
34 173 1
34 189 2
34 190 5
34 191 8
34 192 4
34 194 5
34 195 6
34 197 7
35 40 6
35 41 7
35 44 7
35 48 2
35 50 6
35 53 2
35 61 5
35 66 2
35 71 4
35 80 4
35 85 7
35 88 2
35 90 6
35 94 3
35 103 1
35 117 2
35 121 8
35 126 7
35 129 7
35 133 1
35 136 7
35 137 8
35 138 7
35 147 3
35 153 7
35 155 6
35 162 3
35 170 2
35 172 3
35 180 8
35 184 3
35 186 6
35 196 6
36 38 7
36 47 2
36 64 8
36 82 7
36 91 7
36 100 6
36 106 4
36 108 8
36 112 3
36 113 5
36 116 6
36 117 4
36 126 4
36 133 6
36 144 4
36 150 5
36 162 5
36 165 5
36 168 1
36 169 2
36 177 6
36 178 4
36 179 1
36 180 1
36 181 4
36 185 1
36 188 7
36 190 8
36 197 5
37 47 7
37 65 2
37 70 7
37 73 2
37 82 3
37 84 1
37 87 2
37 99 7
37 101 7
37 103 7
37 107 3
37 112 5
37 116 2
37 122 6
37 130 4
37 133 6
37 135 4
37 138 2
37 141 1
37 148 8
37 151 6
37 155 3
37 163 5
37 168 5
37 177 8
37 184 5
37 185 7
37 191 8
38 41 3
38 44 6
38 45 1
38 50 5
38 66 7
38 73 6
38 74 8
38 76 7
38 80 1
38 86 3
38 88 4
38 96 8
38 104 6
38 110 7
38 117 2
38 119 3
38 134 6
38 140 7
38 158 1
38 164 7
38 177 4
38 186 7
38 191 2
38 195 5
38 199 6
39 45 2
39 48 7
39 51 2
39 52 1
39 53 1
39 60 2
39 63 4
39 67 8
39 80 8
39 81 7
39 88 6
39 90 4
39 93 6
39 95 7
39 97 1
39 102 2
39 108 1
39 119 3
39 121 2
39 131 8
39 132 7
39 134 5
39 137 1
39 141 3
39 155 2
39 164 8
39 176 5
39 177 8
39 186 6
39 188 4
39 189 8
39 194 4
39 198 6
40 41 5
40 44 5
40 45 7
40 57 2
40 62 5
40 67 8
40 70 6
40 87 6
40 96 6
40 107 7
40 111 3
40 126 2
40 137 1
40 138 2
40 139 2
40 147 6
40 151 8
40 156 5
40 157 5
40 160 2
40 162 7
40 164 1
40 166 8
40 167 5
40 170 2
40 172 8
40 179 5
40 180 2
40 181 8
40 183 7
40 186 1
40 189 4
40 190 5
40 192 1
40 195 6
40 196 5
40 197 8
40 199 5
41 42 6
41 48 5
41 52 2
41 63 3
41 66 5
41 68 2
41 89 6
41 102 6
41 103 2
41 105 5
41 109 4
41 110 7
41 113 8
41 120 1
41 123 2
41 131 1
41 141 4
41 152 4
41 163 5
41 173 1
41 181 7
41 185 7
41 188 5
41 191 4
41 192 2
42 45 6
42 51 4
42 56 4
42 60 2
42 83 6
42 89 1
42 90 7
42 92 5
42 102 2
42 118 7
42 120 5
42 130 4
42 140 8
42 141 7
42 144 5
42 150 2
42 155 5
42 156 2
42 161 6
42 166 2
42 175 4
42 178 5
42 189 3
42 190 1
42 191 5
43 52 7
43 60 1
43 61 5
43 62 3
43 63 7
43 64 1
43 65 4
43 73 6
43 82 5
43 83 4
43 89 4
43 92 1
43 96 5
43 97 7
43 105 7
43 109 5
43 121 2
43 132 8
43 134 5
43 140 2
43 141 2
43 146 7
43 155 4
43 162 7
43 164 3
43 169 5
43 171 1
43 172 2
43 178 8
43 183 4
44 47 2
44 50 6
44 65 3
44 71 1
44 72 1
44 76 6
44 83 5
44 87 3
44 94 8
44 100 8
44 101 4
44 103 2
44 105 3
44 115 2
44 122 1
44 126 4
44 128 1
44 132 6
44 135 2
44 137 3
44 142 3
44 148 1
44 156 7
44 157 8
44 169 1
44 170 8
44 173 7
44 178 3
44 181 3
44 183 4
44 193 6
45 49 7
45 56 2
45 57 2
45 69 7
45 71 6
45 77 3
45 80 4
45 81 4
45 84 7
45 98 2
45 100 6
45 101 6
45 103 3
45 105 7
45 108 5
45 111 2
45 113 8
45 119 4
45 120 4
45 121 4
45 123 2
45 128 8
45 135 4
45 139 4
45 143 2
45 146 3
45 149 8
45 150 4
45 151 1
45 154 3
45 164 7
45 165 6
45 170 2
45 180 6
45 183 3
45 189 7
45 190 7
45 191 5
45 197 1
45 198 8
46 48 3
46 50 7
46 55 1
46 69 8
46 71 5
46 73 7
46 75 6
46 76 5
46 78 2
46 81 8
46 83 2
46 88 3
46 89 5
46 105 4
46 118 4
46 122 1
46 129 5
46 131 3
46 133 5
46 134 6
46 142 2
46 144 3
46 145 1
46 146 5
46 156 5
46 159 7
46 161 1
46 165 3
46 171 4
46 180 7
46 189 8
46 192 3
46 198 1
47 70 5
47 71 3
47 83 3
47 86 3
47 94 5
47 102 4
47 104 7
47 107 4
47 109 4
47 114 8
47 121 2
47 123 3
47 133 3
47 135 3
47 140 3
47 143 5
47 146 2
47 148 3
47 149 1
47 151 5
47 165 5
47 176 4
47 178 6
47 180 6
47 187 4
47 191 1
48 49 5
48 51 3
48 52 7
48 53 2
48 57 7
48 61 7
48 75 5
48 83 5
48 97 8
48 101 2
48 106 8
48 107 2
48 116 7
48 117 1
48 120 4
48 121 5
48 127 7
48 128 6
48 129 2
48 136 4
48 137 3
48 149 8
48 157 6
48 158 6
48 160 6
48 168 2
48 170 3
48 176 8
48 185 7
48 193 1
48 198 2
49 53 2
49 57 1
49 58 2
49 62 7
49 65 8
49 68 5
49 71 2
49 76 7
49 79 2
49 84 6
49 85 5
49 95 4
49 97 1
49 108 6
49 110 1
49 112 3
49 113 8
49 116 3
49 121 8
49 123 6
49 126 4
49 132 4
49 136 1
49 137 2
49 147 6
49 148 3
49 149 7
49 150 5
49 159 7
49 161 1
49 175 8
49 179 2
49 181 3
49 185 8
49 197 8
50 55 2
50 66 6
50 68 1
50 69 2
50 70 7
50 74 2
50 75 1
50 76 7
50 78 6
50 88 5
50 89 4
50 93 8
50 96 1
50 101 2
50 102 1
50 109 7
50 110 6
50 116 7
50 117 4
50 125 2
50 130 7
50 132 8
50 138 1
50 143 7
50 146 1
50 150 7
50 153 4
50 156 7
50 158 5
50 161 4
50 162 6
50 170 3
50 173 4
50 178 6
50 182 6
50 187 1
50 189 3
50 196 3
51 53 1
51 55 7
51 67 3
51 68 1
51 73 7
51 75 8
51 76 7
51 78 5
51 86 8
51 87 8
51 95 6
51 99 2
51 100 7
51 109 8
51 110 6
51 111 8
51 115 6
51 130 7
51 132 1
51 136 5
51 139 8
51 142 4
51 145 2
51 146 5
51 151 8
51 160 1
51 164 3
51 167 3
51 173 2
51 180 6
51 183 2
51 184 6
51 196 5
51 197 5
52 56 4
52 64 7
52 69 1
52 75 6
52 79 8
52 80 7
52 93 7
52 95 6
52 99 6
52 101 4
52 107 8
52 110 3
52 116 5
52 117 6
52 119 6
52 126 3
52 127 3
52 131 5
52 143 1
52 156 5
52 167 6
52 179 3
53 59 1
53 60 4
53 62 6
53 67 3
53 83 8
53 99 8
53 107 1
53 111 4
53 112 5
53 114 8
53 118 3
53 119 4
53 122 7
53 123 4
53 124 2
53 130 6
53 134 5
53 135 3
53 136 7
53 137 6
53 150 1
53 156 4
53 157 1
53 162 1
53 164 4
53 170 8
53 171 1
53 173 4
53 181 7
53 185 8
53 191 3
54 62 2
54 65 5
54 72 4
54 77 5
54 80 8
54 82 1
54 84 8
54 85 8
54 92 4
54 93 1
54 103 4
54 107 8
54 122 6
54 127 3
54 130 8
54 132 1
54 152 6
54 156 3
54 159 6
54 160 6
54 166 7
54 171 4
54 174 2
54 179 2
54 184 3
54 186 8
54 187 5
54 190 7
54 191 8
54 195 6
54 197 8
55 67 7
55 71 1
55 72 7
55 74 8
55 77 6
55 80 7
55 84 1
55 87 1
55 93 7
55 99 7
55 104 6
55 118 7
55 121 3
55 132 4
55 133 6
55 135 5
55 156 7
55 158 2
55 160 4
55 162 6
55 170 3
55 174 8
55 184 3
55 188 6
55 199 8
56 59 3
56 60 1
56 72 8
56 73 5
56 76 7
56 83 3
56 84 2
56 85 6
56 88 3
56 89 2
56 95 3
56 96 5
56 100 5
56 101 3
56 102 4
56 110 3
56 117 7
56 119 1
56 122 3
56 128 6
56 131 4
56 132 8
56 137 2
56 151 5
56 160 7
56 165 6
56 181 5
56 183 7
56 192 4
56 194 7
57 64 3
57 66 4
57 68 5
57 69 8
57 74 8
57 86 4
57 92 3
57 105 1
57 113 2
57 118 6
57 123 1
57 125 1
57 128 8
57 134 2
57 136 7
57 138 1
57 143 7
57 150 2
57 154 1
57 157 7
57 176 8
57 177 4
57 178 5
57 188 5
57 190 6
57 191 4
57 196 5
57 199 6
58 62 8
58 66 7
58 67 5
58 71 5
58 74 4
58 76 3
58 77 6
58 88 4
58 95 4
58 98 6
58 105 2
58 113 7
58 114 7
58 115 7
58 122 4
58 130 8
58 136 8
58 141 4
58 145 4
58 146 4
58 159 3
58 160 4
58 162 8
58 163 3
58 168 5
58 169 7
58 182 4
58 183 1
58 185 3
58 191 7
58 193 8
58 199 6
59 67 3
59 85 6
59 87 6
59 88 7
59 91 7
59 95 1
59 98 3
59 102 5
59 113 3
59 116 4
59 118 2
59 119 3
59 126 4
59 127 1
59 131 7
59 133 6
59 134 7
59 135 5
59 136 3
59 144 6
59 145 7
59 147 6
59 169 8
59 170 3
59 173 2
59 177 5
59 191 1
59 194 5
60 65 3
60 70 8
60 71 7
60 72 5
60 76 4
60 77 5
60 85 5
60 88 2
60 93 8
60 97 6
60 110 7
60 115 8
60 116 6
60 117 3
60 130 7
60 137 5
60 149 2
60 151 1
60 160 1
60 165 4
60 166 6
60 179 7
60 185 8
61 63 3
61 69 5
61 76 3
61 77 8
61 80 5
61 100 8
61 101 5
61 107 4
61 112 2
61 119 3
61 121 4
61 123 3
61 127 4
61 135 4
61 136 3
61 141 5
61 142 7
61 159 3
61 161 5
61 162 5
61 165 2
61 168 5
61 171 6
61 180 3
61 188 5
61 190 3
61 197 5
61 198 2
62 64 7
62 68 4
62 74 8
62 94 4
62 103 8
62 105 5
62 106 8
62 108 2
62 109 4
62 112 1
62 114 5
62 116 4
62 118 6
62 133 4
62 148 5
62 152 6
62 164 2
62 168 6
62 175 4
62 176 2
62 179 1
62 193 3
63 69 2
63 73 6
63 75 3
63 76 5
63 79 5
63 85 2
63 87 5
63 89 8
63 93 7
63 98 4
63 104 5
63 116 4
63 131 7
63 132 5
63 135 6
63 139 5
63 141 4
63 157 4
63 159 8
63 172 3
63 174 3
63 175 4
63 177 6
63 180 4
63 190 8
63 193 8
63 196 5
63 197 1
64 65 3
64 71 3
64 85 1
64 86 5
64 92 2
64 102 6
64 107 6
64 124 2
64 131 6
64 133 5
64 134 6
64 139 3
64 147 7
64 151 1
64 153 5
64 172 5
64 189 1
64 194 1
64 195 2
64 196 1
65 80 6
65 87 6
65 92 4
65 100 8
65 106 7
65 110 1
65 125 6
65 127 2
65 128 3
65 129 6
65 135 7
65 138 5
65 141 7
65 156 8
65 157 7
65 163 8
65 168 8
65 177 5
65 178 3
65 179 7
65 181 6
65 187 4
65 188 8
65 189 5
65 190 6
65 198 8
66 72 4
66 73 2
66 78 4
66 84 8
66 86 1
66 97 1
66 103 2
66 105 1
66 107 7
66 115 1
66 117 4
66 122 7
66 125 4
66 130 1
66 140 4
66 142 5
66 155 3
66 158 2
66 163 3
66 165 1
66 187 2
66 188 3
66 190 4
66 196 7
67 68 8
67 71 5
67 109 4
67 110 5
67 111 2
67 112 5
67 113 7
67 114 4
67 115 4
67 130 4
67 134 4
67 135 6
67 143 7
67 146 7
67 153 1
67 154 3
67 162 6
67 172 4
67 181 6
67 183 7
67 189 7
67 191 3
67 193 6
67 199 7
68 72 8
68 79 8
68 88 3
68 90 6
68 100 3
68 105 4
68 110 3
68 111 2
68 131 2
68 133 4
68 144 8
68 156 3
68 158 2
68 160 4
68 167 2
68 169 3
68 170 1
68 174 4
68 178 6
68 181 3
68 182 2
68 183 2
68 184 8
68 186 8
68 187 4
69 73 8
69 79 3
69 81 1
69 84 5
69 86 3
69 87 2
69 92 6
69 96 1
69 100 5
69 103 6
69 110 3
69 115 8
69 118 2
69 124 7
69 125 1
69 130 8
69 131 5
69 133 3
69 141 5
69 146 5
69 152 6
69 154 5
69 164 4
69 168 7
69 172 7
69 173 5
69 177 1
70 78 8
70 80 6
70 81 1
70 82 2
70 95 6
70 99 6
70 102 1
70 107 3
70 113 4
70 115 6
70 119 4
70 122 1
70 126 7
70 132 7
70 134 4
70 137 8
70 141 3
70 145 7
70 153 3
70 155 6
70 159 3
70 160 1
70 164 4
70 168 7
70 173 7
70 177 3
70 179 5
70 183 8
70 184 8
70 189 7
70 196 7
70 199 2
71 75 6
71 86 1
71 92 6
71 97 7
71 103 2
71 107 6
71 112 8
71 117 3
71 121 6
71 128 6
71 132 8
71 138 6
71 141 1
71 155 2
71 157 5
71 159 5
71 164 2
71 181 1
71 183 5
71 188 3
72 73 3
72 80 6
72 82 2
72 85 5
72 88 8
72 89 1
72 93 3
72 101 4
72 109 6
72 120 8
72 122 4
72 123 8
72 128 3
72 139 2
72 151 7
72 156 4
72 161 4
72 162 4
72 164 2
72 169 1
72 170 5
72 171 4
72 181 3
72 182 1
72 184 5
72 186 4
72 191 8
72 194 5
73 78 4
73 79 5
73 81 8
73 82 2
73 83 1
73 96 4
73 98 3
73 101 3
73 106 7
73 109 2
73 114 8
73 126 4
73 128 4
73 133 1
73 139 7
73 141 5
73 144 6
73 147 8
73 156 2
73 160 5
73 163 4
73 164 1
73 170 5
73 174 8
73 176 5
73 184 5
73 185 4
73 186 1
73 192 2
73 193 4
73 197 5
74 76 4
74 80 1
74 83 8
74 92 2
74 96 4
74 98 6
74 101 2
74 105 6
74 107 8
74 109 4
74 112 7
74 118 7
74 126 8
74 138 2
74 139 5
74 141 1
74 149 3
74 161 1
74 168 4
74 183 5
74 185 7
74 187 4
74 189 6
74 195 8
75 76 4
75 77 6
75 78 8
75 85 1
75 89 1
75 90 7
75 94 7
75 95 2
75 98 7
75 123 3
75 129 5
75 130 6
75 131 5
75 132 4
75 135 3
75 144 1
75 151 3
75 164 2
75 171 1
75 172 7
75 173 4
75 174 5
75 176 6
75 190 6
75 196 4
75 198 1
76 87 8
76 91 1
76 92 3
76 97 3
76 100 5
76 102 3
76 111 7
76 117 5
76 125 6
76 126 4
76 129 5
76 131 4
76 133 7
76 136 4
76 147 5
76 151 5
76 157 6
76 160 6
76 163 8
76 171 3
76 172 4
76 185 6
76 196 1
76 199 6
77 83 1
77 87 5
77 92 6
77 98 5
77 100 2
77 103 3
77 105 6
77 107 8
77 108 4
77 120 8
77 122 5
77 123 4
77 125 5
77 131 1
77 142 8
77 144 6
77 149 3
77 153 3
77 165 8
77 172 4
77 188 2
77 190 8
77 193 5
77 196 5
77 197 2
78 80 5
78 97 7
78 98 7
78 104 5
78 107 5
78 109 2
78 110 1
78 114 5
78 117 5
78 118 1
78 123 6
78 124 7
78 132 1
78 136 4
78 143 2
78 145 3
78 150 5
78 159 5
78 164 4
78 175 8
78 177 4
78 180 6
78 184 8
78 187 7
78 189 5
78 191 5
78 195 2
78 198 2
78 199 1
79 83 7
79 87 3
79 88 5
79 99 3
79 100 3
79 101 5
79 105 4
79 106 8
79 113 6
79 114 3
79 117 6
79 118 2
79 126 8
79 128 4
79 132 4
79 141 1
79 158 2
79 160 1
79 166 7
79 168 6
79 169 6
79 176 3
80 83 6
80 87 3
80 94 5
80 96 3
80 102 6
80 105 7
80 111 6
80 130 1
80 133 8
80 139 1
80 144 8
80 153 6
80 154 1
80 156 1
80 164 3
80 165 5
80 167 7
80 169 8
80 170 5
80 171 3
80 175 5
80 181 3
80 183 6
80 190 3
80 196 8
81 87 6
81 114 1
81 118 7
81 120 8
81 121 4
81 129 3
81 138 8
81 153 1
81 154 2
81 157 3
81 161 5
81 163 3
81 167 7
81 168 8
81 171 3
81 183 8
81 186 1
81 189 2
81 192 2
81 198 2
82 84 7
82 85 7
82 92 7
82 93 5
82 100 3
82 104 7
82 105 8
82 110 3
82 129 3
82 132 7
82 144 1
82 148 1
82 155 1
82 156 5
82 162 6
82 169 6
82 170 5
82 171 4
82 172 6
82 178 2
82 181 7
83 90 7
83 96 3
83 101 3
83 102 8
83 103 8
83 105 5
83 109 5
83 113 6
83 125 6
83 135 4
83 145 1
83 148 6
83 150 4
83 156 4
83 157 6
83 163 5
83 164 4
83 170 3
83 176 6
83 179 4
83 185 6
83 188 6
83 190 6
83 191 2
83 193 5
84 86 5
84 88 6
84 93 2
84 94 2
84 97 2
84 98 3
84 99 8
84 104 7
84 118 4
84 123 7
84 127 6
84 128 5
84 130 1
84 135 4
84 140 6
84 165 5
84 171 3
84 172 1
84 179 4
84 181 6
84 196 7
84 198 1
85 91 8
85 93 8
85 99 4
85 105 4
85 123 7
85 134 3
85 135 1
85 136 2
85 138 7
85 147 6
85 149 8
85 154 7
85 156 8
85 159 4
85 160 7
85 161 6
85 175 7
85 186 4
85 187 7
85 189 7
85 191 5
86 87 1
86 89 2
86 90 3
86 94 7
86 95 5
86 97 6
86 104 8
86 109 1
86 110 1
86 118 6
86 121 2
86 123 4
86 129 3
86 132 6
86 133 2
86 135 1
86 145 7
86 146 7
86 150 4
86 152 6
86 157 5
86 162 2
86 170 4
86 171 4
86 175 8
86 176 3
86 177 3
86 193 1
86 198 2
86 199 4
87 100 2
87 104 3
87 117 4
87 121 3
87 126 7
87 127 6
87 131 4
87 136 5
87 140 2
87 145 6
87 153 1
87 155 1
87 158 6
87 163 7
87 164 7
87 172 1
87 177 2
87 178 1
87 186 1
87 192 6
87 196 5
88 90 1
88 91 6
88 93 2
88 94 7
88 96 7
88 102 2
88 109 3
88 110 6
88 119 6
88 121 1
88 122 6
88 125 4
88 145 7
88 156 8
88 157 7
88 165 4
88 168 7
88 169 7
88 172 3
88 176 4
88 181 7
88 183 1
88 184 2
88 191 7
88 198 5
89 95 6
89 98 6
89 102 6
89 106 1
89 107 8
89 124 4
89 127 3
89 138 6
89 150 8
89 153 6
89 167 4
89 175 5
89 181 5
89 186 6
89 199 3
90 94 2
90 95 1
90 111 3
90 116 2
90 124 6
90 125 3
90 126 3
90 131 2
90 132 8
90 136 8
90 143 1
90 151 7
90 154 5
90 155 1
90 157 1
90 161 3
90 163 6
90 164 7
90 170 5
90 184 1
90 186 6
90 188 8
90 190 8
90 196 1
90 198 7
90 199 8
91 98 1
91 101 4
91 105 6
91 106 1
91 109 2
91 126 7
91 128 7
91 131 1
91 137 8
91 143 7
91 149 8
91 151 2
91 156 1
91 159 4
91 172 5
91 175 4
91 179 5
91 182 2
92 97 2
92 107 1
92 109 4
92 113 7
92 118 8
92 121 2
92 127 3
92 133 2
92 134 5
92 136 7
92 146 5
92 156 2
92 160 4
92 164 4
92 171 3
92 179 5
92 181 2
92 186 8
92 189 3
92 195 5
93 96 1
93 102 5
93 104 7
93 106 4
93 116 2
93 123 4
93 125 1
93 126 5
93 129 2
93 134 6
93 140 1
93 143 3
93 154 4
93 157 5
93 162 4
93 167 2
93 169 5
93 177 7
93 180 1
93 196 1
93 199 4
94 97 3
94 108 8
94 110 3
94 111 2
94 114 8
94 116 4
94 119 2
94 122 2
94 128 6
94 134 8
94 147 5
94 165 2
94 168 8
94 176 7
94 182 8
94 183 5
94 188 6
94 189 2
94 191 6
94 193 4
95 101 3
95 111 1
95 117 2
95 130 5
95 133 5
95 144 3
95 155 2
95 165 5
95 171 2
95 172 2
95 174 7
95 180 7
95 185 3
95 188 6
95 189 2
95 195 8
96 99 3
96 101 7
96 104 7
96 107 4
96 113 3
96 136 2
96 137 5
96 139 3
96 140 5
96 144 3
96 150 8
96 151 1
96 153 1
96 167 8
96 179 6
96 186 5
96 188 2
96 189 4
96 191 2
96 197 4
97 113 8
97 115 5
97 117 2
97 119 7
97 130 4
97 140 5
97 147 7
97 150 8
97 154 7
97 155 3
97 168 1
97 170 4
97 172 5
97 173 5
97 180 5
97 183 6
97 184 2
97 186 7
97 190 3
97 191 5
97 196 2
97 198 8
98 99 1
98 102 7
98 104 2
98 108 8
98 109 2
98 110 4
98 117 1
98 121 3
98 138 4
98 140 2
98 147 7
98 158 1
98 159 3
98 162 3
98 163 6
98 165 1
98 169 1
98 171 8
98 175 8
98 178 7
98 188 3
98 190 1
98 192 4
98 193 3
98 194 3
98 195 1
99 101 6
99 110 4
99 111 7
99 112 7
99 117 8
99 118 5
99 121 3
99 122 8
99 125 4
99 126 4
99 132 7
99 136 6
99 139 8
99 140 6
99 145 3
99 146 5
99 147 1
99 150 3
99 151 4
99 169 6
99 170 8
99 178 3
99 182 1
99 189 4
100 102 4
100 104 3
100 109 4
100 115 7
100 116 2
100 129 3
100 132 2
100 133 7
100 137 1
100 138 3
100 139 7
100 151 7
100 152 5
100 156 7
100 159 4
100 162 2
100 165 4
100 166 1
100 175 3
100 180 4
100 184 1
100 186 4
100 187 7
100 190 6
100 193 6
100 194 2
100 199 3
101 103 5
101 106 3
101 124 1
101 127 6
101 146 1
101 174 4
101 175 4
101 179 6
101 181 3
101 183 7
101 189 4
101 191 2
101 192 2
101 193 7
102 105 1
102 106 8
102 128 2
102 129 4
102 132 2
102 133 4
102 137 2
102 138 6
102 139 2
102 143 5
102 146 1
102 148 5
102 150 3
102 151 7
102 157 1
102 158 2
102 160 5
102 161 8
102 162 7
102 163 1
102 167 8
102 170 5
102 179 5
102 181 5
102 186 7
102 190 3
102 191 2
102 199 5
103 104 2
103 110 6
103 111 3
103 123 2
103 125 2
103 133 8
103 143 8
103 154 8
103 157 6
103 161 1
103 162 8
103 172 8
103 174 5
103 178 7
103 186 1
103 189 8
104 106 4
104 112 4
104 126 1
104 127 4
104 133 1
104 141 4
104 147 6
104 150 4
104 158 1
104 167 2
104 168 6
104 171 2
104 175 8
104 180 6
104 181 1
104 186 8
104 199 4
105 115 3
105 116 6
105 121 4
105 122 1
105 123 7
105 124 1
105 126 3
105 127 5
105 142 4
105 155 1
105 156 2
105 157 6
105 161 7
105 178 7
105 180 8
105 186 4
105 188 7
106 109 4
106 114 3
106 115 4
106 121 1
106 130 3
106 131 6
106 134 5
106 142 6
106 148 4
106 149 7
106 159 4
106 165 3
106 170 7
106 177 6
106 181 5
106 183 2
106 184 1
106 187 1
106 188 2
106 196 2
107 110 5
107 113 2
107 115 2
107 117 8
107 118 7
107 123 5
107 129 1
107 130 4
107 136 5
107 137 6
107 140 3
107 143 5
107 167 8
107 168 2
107 170 1
107 183 1
107 189 5
107 193 6
107 194 2
107 195 6
107 196 3
107 197 4
108 111 2
108 124 8
108 125 3
108 130 3
108 134 3
108 136 6
108 144 5
108 149 7
108 152 6
108 153 4
108 154 8
108 157 3
108 159 1
108 163 5
108 166 7
108 167 8
108 169 7
108 186 1
108 190 3
109 110 4
109 115 8
109 117 6
109 119 6
109 121 1
109 127 7
109 132 8
109 136 4
109 140 2
109 145 1
109 149 2
109 153 5
109 157 5
109 159 8
109 161 6
109 167 4
109 169 1
109 170 6
109 171 1
109 173 2
109 178 2
109 181 2
109 186 6
109 190 7
109 191 3
109 192 2
109 194 6
109 196 8
110 113 1
110 117 1
110 119 5
110 124 4
110 132 3
110 135 6
110 136 1
110 138 8
110 143 7
110 145 4
110 151 1
110 161 3
110 166 1
110 170 1
110 171 7
110 173 8
110 176 2
110 183 8
110 187 3
110 195 4
110 197 8
110 199 8
111 115 3
111 121 1
111 126 7
111 131 6
111 136 5
111 137 5
111 157 7
111 160 3
111 163 6
111 164 7
111 170 1
111 171 8
111 178 3
111 180 6
111 181 3
111 182 3
111 187 1
111 189 2
111 195 3
112 123 7
112 133 1
112 136 4
112 138 1
112 145 1
112 150 3
112 151 1
112 154 4
112 155 1
112 156 2
112 162 5
112 163 3
112 171 4
112 177 2
112 185 3
112 188 3
112 191 5
112 192 7
112 195 3
113 115 8
113 120 1
113 121 3
113 123 3
113 124 8
113 134 4
113 138 7
113 142 3
113 144 8
113 150 5
113 159 5
113 164 7
113 170 2
113 179 2
113 183 1
113 191 7
113 192 7
113 196 4
114 118 8
114 119 3
114 120 3
114 123 1
114 124 6
114 150 3
114 164 2
114 177 6
114 178 3
114 180 1
114 191 4
115 116 5
115 117 1
115 122 7
115 123 5
115 124 1
115 125 6
115 143 2
115 144 3
115 146 7
115 147 3
115 154 8
115 158 1
115 171 4
115 189 1
115 191 8
115 193 4
115 195 3
116 119 3
116 123 8
116 131 1
116 145 8
116 147 8
116 150 8
116 164 7
116 169 8
116 174 5
116 185 3
116 191 7
116 193 2
117 128 7
117 132 6
117 146 4
117 163 8
117 168 5
117 176 7
117 180 2
117 181 8
117 187 3
117 188 4
117 191 5
117 197 2
117 198 4
118 119 3
118 126 4
118 130 2
118 153 1
118 157 8
118 162 8
118 164 7
118 168 1
118 169 1
118 173 5
118 188 5
118 195 4
119 120 1
119 129 2
119 133 2
119 135 8
119 146 4
119 152 7
119 159 2
119 162 3
119 168 5
119 169 5
119 171 8
119 172 2
119 174 6
119 191 4
119 193 7
120 130 6
120 138 4
120 145 5
120 146 3
120 147 6
120 149 2
120 150 1
120 158 7
120 161 7
120 163 7
120 176 3
120 182 1
120 183 3
120 196 8
121 124 8
121 125 4
121 129 4
121 130 6
121 132 7
121 133 7
121 134 3
121 136 7
121 137 1
121 140 3
121 146 2
121 157 6
121 160 3
121 163 8
121 169 1
121 174 5
121 175 1
121 180 3
121 189 5
121 199 7
122 124 2
122 125 5
122 130 3
122 137 6
122 142 5
122 143 2
122 145 8
122 149 4
122 157 5
122 163 8
122 165 8
122 174 5
122 176 1
122 179 4
122 182 4
122 194 6
122 198 8
123 140 3
123 142 5
123 143 1
123 162 6
123 175 5
123 182 2
123 183 3
123 184 4
123 186 6
123 187 8
123 188 2
123 194 2
123 198 3
124 130 1
124 132 7
124 134 7
124 142 6
124 143 3
124 146 2
124 148 6
124 152 1
124 154 2
124 156 1
124 157 8
124 159 4
124 163 5
124 166 5
124 176 3
124 179 1
124 180 2
124 189 6
125 128 4
125 130 5
125 131 2
125 139 2
125 142 2
125 145 8
125 152 5
125 156 5
125 161 6
125 163 2
125 164 5
125 168 1
125 170 4
125 171 4
125 178 5
125 182 8
125 195 4
125 197 5
126 135 1
126 141 4
126 144 8
126 145 6
126 148 4
126 151 6
126 166 3
126 173 4
126 177 7
126 191 3
127 128 6
127 129 8
127 132 2
127 133 7
127 140 1
127 142 3
127 148 7
127 151 1
127 157 2
127 158 4
127 162 7
127 164 2
127 178 8
127 181 1
127 184 3
127 186 8
127 194 6
128 131 7
128 133 7
128 143 4
128 146 7
128 153 3
128 160 1
128 165 7
128 166 7
128 175 6
128 183 8
128 184 5
128 185 5
128 187 5
128 189 4
128 190 6
128 191 7
128 196 2
129 132 8
129 139 7
129 143 6
129 146 6
129 150 6
129 159 8
129 163 2
129 164 1
129 170 7
129 181 8
129 183 1
129 194 5
129 196 8
130 144 7
130 145 8
130 146 4
130 152 2
130 155 6
130 159 4
130 161 6
130 181 5
130 199 1
131 133 7
131 136 5
131 146 3
131 156 7
131 159 1
131 161 5
131 171 7
131 183 3
131 186 7
131 199 7
132 134 8
132 135 3
132 140 6
132 150 3
132 157 6
132 159 8
132 162 5
132 180 7
132 182 4
132 184 3
132 190 7
133 134 8
133 141 5
133 148 1
133 150 5
133 156 8
133 158 2
133 171 4
133 172 3
133 184 8
133 187 2
133 191 3
134 141 5
134 145 3
134 146 2
134 152 6
134 153 5
134 156 8
134 163 3
134 165 1
134 167 7
134 169 3
134 172 5
134 176 5
134 194 1
135 136 6
135 145 1
135 148 7
135 154 5
135 157 3
135 159 2
135 170 2
135 173 4
135 183 1
135 189 5
135 193 7
136 148 3
136 154 7
136 157 2
136 158 8
136 161 4
136 164 6
136 169 3
136 173 1
136 177 8
136 182 7
136 196 6
136 199 2
137 139 5
137 141 8
137 150 7
137 154 7
137 157 3
137 158 7
137 159 3
137 167 5
137 184 4
137 186 1
137 196 5
138 139 4
138 140 7
138 141 6
138 142 5
138 144 3
138 153 1
138 159 1
138 165 2
138 185 3
138 187 2
138 193 4
138 197 5
139 140 6
139 145 1
139 146 2
139 148 8
139 149 4
139 152 6
139 159 1
139 163 6
139 167 4
139 172 8
139 174 3
139 175 3
139 180 2
139 183 1
139 195 6
140 146 8
140 147 3
140 150 6
140 153 2
140 160 3
140 161 1
140 167 5
140 177 5
140 184 3
140 186 1
140 188 1
140 194 2
141 143 4
141 155 6
141 157 6
141 164 4
141 167 6
141 173 1
141 181 8
141 182 7
141 187 6
141 188 4
141 192 3
141 199 1
142 148 8
142 149 5
142 150 1
142 153 8
142 156 3
142 161 1
142 165 2
142 170 4
142 181 1
142 182 7
142 183 2
142 187 1
142 189 6
142 191 2
142 192 4
142 193 8
142 197 3
143 147 4
143 155 1
143 159 2
143 167 5
143 176 3
143 178 1
143 185 8
143 189 6
143 193 8
143 195 2
143 198 3
144 146 6
144 151 7
144 158 2
144 162 4
144 165 5
144 166 5
144 167 7
144 168 3
144 169 4
144 170 6
144 183 1
144 186 8
144 196 3
144 198 8
145 149 6
145 152 5
145 154 6
145 155 3
145 156 2
145 166 1
145 182 3
145 186 4
145 194 6
145 196 2
146 151 8
146 155 2
146 158 6
146 162 6
146 165 6
146 166 1
146 167 5
146 169 1
146 178 1
146 184 5
146 187 3
146 190 6
147 153 3
147 154 4
147 158 4
147 163 1
147 176 6
147 177 2
147 181 4
147 187 6
147 192 5
148 159 3
148 160 8
148 165 7
148 167 8
148 170 6
148 179 3
148 180 3
148 183 8
148 198 3
148 199 3
149 151 1
149 159 7
149 171 3
149 179 6
149 188 7
150 151 8
150 159 6
150 161 3
150 168 6
150 176 8
150 184 3
150 190 4
150 192 4
151 162 4
151 165 7
151 171 2
151 181 2
151 189 3
151 190 6
151 191 8
151 197 6
151 198 1
152 153 4
152 162 8
152 169 6
152 172 7
152 174 1
152 179 1
152 184 3
152 188 3
152 191 1
152 193 3
152 195 3
153 155 3
153 160 6
153 161 3
153 183 4
153 194 5
153 199 2
154 161 1
154 164 5
154 170 1
154 174 2
154 185 2
154 190 7
154 191 4
154 196 8
154 198 4
155 156 7
155 159 6
155 166 3
155 167 5
155 170 6
155 173 5
155 180 8
155 186 5
155 190 4
155 192 8
155 193 6
155 194 7
155 196 2
155 199 5
156 160 6
156 162 6
156 169 3
156 171 4
156 172 3
156 179 8
156 184 2
156 193 8
157 160 1
157 161 4
157 169 7
157 171 6
157 174 1
157 179 3
157 185 7
157 188 8
157 191 1
158 162 6
158 171 5
158 174 7
158 185 3
158 192 2
158 195 3
159 160 7
159 163 7
159 166 1
159 167 3
159 169 7
159 190 6
159 192 5
159 194 1
160 161 4
160 163 8
160 167 6
160 174 6
160 175 8
160 176 1
160 177 5
160 179 4
160 182 5
160 186 8
160 187 1
160 193 3
160 194 8
160 198 5
161 163 3
161 166 4
161 171 5
161 174 4
161 193 7
161 194 7
161 195 3
161 196 4
162 164 8
162 166 8
162 173 4
162 174 5
162 176 6
162 187 8
162 188 7
162 190 4
162 194 5
162 199 1
163 167 8
163 168 4
163 183 8
163 186 3
164 168 8
164 172 1
164 173 5
164 174 6
164 176 3
164 185 3
164 187 3
164 191 5
164 197 3
164 199 7
165 170 2
165 177 7
165 178 6
165 180 7
165 184 6
165 190 2
165 195 6
166 170 5
166 171 1
166 175 2
166 184 1
166 195 7
166 197 3
167 173 2
167 174 6
167 176 6
167 181 1
167 187 2
167 189 5
168 191 8
168 196 8
169 181 6
169 199 1
170 171 1
170 177 1
170 186 3
170 187 8
170 190 8
170 191 6
170 196 5
171 174 1
171 176 8
171 179 3
171 192 1
172 182 5
172 194 3
172 196 3
173 180 2
173 185 8
173 190 2
173 191 8
173 199 2
174 175 3
174 177 2
174 178 8
174 179 8
174 180 7
174 183 5
174 185 5
174 190 3
174 192 6
174 193 1
174 194 3
174 198 3
175 180 3
175 185 4
175 189 8
175 195 2
175 198 3
176 184 5
176 186 2
176 194 8
176 196 7
177 178 3
177 186 2
177 191 3
177 194 7
178 179 7
178 188 8
178 192 8
179 188 7
179 190 8
180 193 7
180 196 2
180 197 5
181 187 7
182 183 2
182 192 8
182 198 4
183 187 6
183 195 4
184 190 6
184 192 5
184 193 1
185 191 7
185 192 1
185 195 4
185 197 8
185 198 1
186 188 1
186 192 7
186 196 8
187 192 8
187 193 3
187 198 5
188 199 4
189 193 1
190 192 7
190 193 3
190 195 3
192 193 7
192 194 8
193 199 4
194 198 3
2 167 122
4 45 141
5 133 99
7 20 191
11 21 144
11 193 61
13 54 190
14 46 26
15 52 123
18 55 81
18 105 21
18 12 186
18 173 87
23 19 182
24 119 94
24 10 51
27 101 69
27 154 127
27 117 80
29 168 193
29 158 157
29 107 199
32 31 199
32 169 79
36 42 23
37 37 125
38 26 51
39 8 121
41 25 70
41 44 136
42 170 4
42 138 186
42 89 172
42 74 19
45 53 71
45 123 192
46 4 122
47 165 39
48 79 108
48 100 166
50 152 87
50 192 77
50 194 33
51 106 130
52 36 33
52 1 166
52 48 182
52 121 98
53 157 120
54 84 95
54 28 192
55 145 101
56 49 128
61 70 195
61 195 172
62 72 147
62 47 17
62 7 126
65 176 49
66 51 190
68 163 164
68 77 29
69 81 135
70 191 177
71 14 154
71 181 139
71 184 61
72 164 4
73 134 65
77 159 196
81 135 77
81 30 7
81 115 42
82 92 94
82 177 81
83 140 1
84 150 75
86 75 6
89 62 141
89 102 172
89 103 192
90 125 42
90 149 144
94 129 198
94 171 95
100 124 129
100 76 187
100 96 64
100 33 174
