100 150 8 17
43 75 97 64 37 83 65 78 0 98 22 45 49 72 7 55 52
7 72 1
7 35 13
7 4 14
72 63 3
72 49 11
26 30 1
26 64 12
26 49 8
30 57 6
30 80 13
34 65 3
34 93 1
34 44 16
65 57 11
65 92 12
35 28 14
35 58 6
50 70 10
50 43 5
50 59 15
70 3 15
70 52 5
36 71 1
36 0 13
36 88 11
71 78 1
71 25 10
20 29 16
20 58 11
20 33 8
29 67 1
29 64 13
3 22 3
3 38 6
22 98 13
22 82 8
47 89 7
47 57 1
47 23 6
89 93 11
89 88 2
17 85 10
17 75 10
17 2 15
85 12 4
85 66 12
39 60 11
39 91 4
39 37 5
60 5 16
60 84 13
1 15 2
1 94 5
1 6 4
15 77 3
15 98 12
41 97 4
41 24 2
41 45 8
97 11 13
97 66 9
38 80 12
38 19 10
80 73 15
18 74 13
18 25 5
18 54 3
74 61 14
74 42 8
33 93 14
33 56 12
6 84 11
6 40 15
84 76 7
16 31 15
16 49 4
16 51 7
31 51 14
31 2 16
62 83 16
62 92 4
62 8 1
83 54 12
83 99 6
92 94 12
56 76 2
56 52 9
76 13 5
55 86 11
55 40 11
55 46 1
86 27 8
86 69 6
8 66 11
8 27 5
4 87 7
4 5 3
87 82 5
87 68 15
58 9 12
2 98 12
5 45 5
9 23 2
9 13 16
21 96 3
21 10 5
21 63 3
96 75 5
96 10 1
51 52 12
24 67 3
24 43 7
67 82 3
23 19 13
64 44 15
13 0 15
54 14 15
19 61 6
61 99 5
32 73 3
32 75 12
32 14 10
73 44 13
94 95 6
27 69 10
48 81 10
48 53 14
48 91 10
81 68 7
81 59 13
53 12 4
53 90 8
78 88 13
78 14 8
99 59 15
77 11 7
77 95 16
63 90 13
40 79 9
79 46 15
79 11 3
90 12 15
43 45 10
46 25 15
0 95 7
91 37 8
10 68 3
37 28 5
42 69 4
42 28 15
8 10 12
17 50 31
35 2 28
47 65 84
62 26 52
75 9 0
84 97 46
92 37 48
