100 2000 20 30
94 49 80 86 38 2 23 69 22 17 70 43 60 31 21 9 36 67 44 33 38 46 61 3 42 16 36 54 74 34
0 1 14
0 6 18
0 7 14
0 9 8
0 12 17
0 13 18
0 14 19
0 15 20
0 16 6
0 17 7
0 19 11
0 20 5
0 29 19
0 31 4
0 32 18
0 33 16
0 34 16
0 35 13
0 36 6
0 37 10
0 41 1
0 43 5
0 44 12
0 46 12
0 48 9
0 51 2
0 55 11
0 56 18
0 57 14
0 58 4
0 60 10
0 61 18
0 63 17
0 64 5
0 67 18
0 70 4
0 71 3
0 73 1
0 75 10
0 76 19
0 77 16
0 78 19
0 81 17
0 83 4
0 85 16
0 86 1
0 88 5
0 89 15
0 90 16
0 95 7
0 98 18
1 4 4
1 6 20
1 7 20
1 9 17
1 15 16
1 17 8
1 19 2
1 24 10
1 30 5
1 34 17
1 35 6
1 37 17
1 38 20
1 43 5
1 44 14
1 45 8
1 46 1
1 47 1
1 49 11
1 52 9
1 58 7
1 59 8
1 60 3
1 61 8
1 65 13
1 70 20
1 72 19
1 75 12
1 76 13
1 78 17
1 88 11
1 89 4
1 94 20
2 3 8
2 8 17
2 9 20
2 12 5
2 15 20
2 21 13
2 22 15
2 25 11
2 26 11
2 27 6
2 28 5
2 29 2
2 30 14
2 32 14
2 35 9
2 42 16
2 49 3
2 51 9
2 59 9
2 64 18
2 67 9
2 71 18
2 72 11
2 75 9
2 81 13
2 87 15
2 89 15
2 91 4
2 94 18
2 95 6
2 98 9
2 99 15
3 4 19
3 8 8
3 10 10
3 11 5
3 14 16
3 20 16
3 21 20
3 23 18
3 25 3
3 28 18
3 31 19
3 33 8
3 34 3
3 37 10
3 40 10
3 43 14
3 45 14
3 47 20
3 48 18
3 52 2
3 53 1
3 54 12
3 55 14
3 57 10
3 61 13
3 63 19
3 67 11
3 76 18
3 77 15
3 78 17
3 80 1
3 81 15
3 82 5
3 84 4
3 86 19
3 87 2
3 88 15
3 89 16
3 90 12
3 91 5
4 8 6
4 14 13
4 15 10
4 21 6
4 22 3
4 28 18
4 29 13
4 31 4
4 32 13
4 34 11
4 36 16
4 37 12
4 38 20
4 42 1
4 45 20
4 46 17
4 47 3
4 48 13
4 53 14
4 54 8
4 55 12
4 56 16
4 62 18
4 63 16
4 64 17
4 67 1
4 72 18
4 75 18
4 79 13
4 81 3
4 82 3
4 84 10
4 87 20
4 88 14
4 89 15
4 91 17
4 93 5
4 94 1
4 95 10
4 97 6
4 98 5
5 6 12
5 7 19
5 11 14
5 17 3
5 18 12
5 20 3
5 21 5
5 23 3
5 26 6
5 27 11
5 29 11
5 35 10
5 36 1
5 38 19
5 44 19
5 45 7
5 46 11
5 53 18
5 58 10
5 62 4
5 64 5
5 66 11
5 69 7
5 72 9
5 77 20
5 79 10
5 83 14
5 86 3
5 87 9
5 88 5
5 90 15
5 93 15
5 94 2
5 95 13
5 96 12
5 99 3
6 9 11
6 10 14
6 12 19
6 14 2
6 17 12
6 18 19
6 23 2
6 25 15
6 26 13
6 30 5
6 31 7
6 36 1
6 38 14
6 39 12
6 40 17
6 41 3
6 42 12
6 43 10
6 46 10
6 48 8
6 51 12
6 56 17
6 62 18
6 65 9
6 66 18
6 68 18
6 71 2
6 73 9
6 76 11
6 83 17
6 86 12
6 91 1
6 92 3
6 93 11
6 96 20
7 11 14
7 12 19
7 14 18
7 15 19
7 18 9
7 21 11
7 22 8
7 23 4
7 24 6
7 27 12
7 29 4
7 31 9
7 34 4
7 37 18
7 42 14
7 45 19
7 49 20
7 50 6
7 51 5
7 55 3
7 56 11
7 57 14
7 60 11
7 63 19
7 68 13
7 69 15
7 72 1
7 73 10
7 75 19
7 78 15
7 81 10
7 83 3
7 84 10
7 88 9
7 89 14
7 90 18
7 92 5
7 96 9
7 97 16
7 98 13
8 11 11
8 17 3
8 20 6
8 22 18
8 26 6
8 28 4
8 29 10
8 31 1
8 34 14
8 36 12
8 40 4
8 41 19
8 43 5
8 44 8
8 46 13
8 47 19
8 50 16
8 51 9
8 52 1
8 54 20
8 56 4
8 57 2
8 59 17
8 66 5
8 69 11
8 70 8
8 74 12
8 75 4
8 76 14
8 81 6
8 82 8
8 83 17
8 84 4
8 85 1
8 89 15
8 90 10
8 95 8
8 98 6
9 10 19
9 12 10
9 16 3
9 18 17
9 19 19
9 29 3
9 31 6
9 38 14
9 39 10
9 40 15
9 43 18
9 44 18
9 45 5
9 47 1
9 48 9
9 51 2
9 53 13
9 55 10
9 59 5
9 61 16
9 62 14
9 64 7
9 75 17
9 76 1
9 78 7
9 79 10
9 80 1
9 81 7
9 83 19
9 84 7
9 86 14
9 91 19
9 92 6
9 93 18
9 95 7
9 96 2
10 12 2
10 14 6
10 18 20
10 27 3
10 28 7
10 30 18
10 35 19
10 37 18
10 38 2
10 39 4
10 44 14
10 45 13
10 47 10
10 50 16
10 51 4
10 53 5
10 54 9
10 56 5
10 57 2
10 58 10
10 63 7
10 64 13
10 66 4
10 67 17
10 68 10
10 69 6
10 71 17
10 73 17
10 78 16
10 79 2
10 80 12
10 83 3
10 85 16
10 86 20
11 13 9
11 16 11
11 17 3
11 19 5
11 22 17
11 24 3
11 27 8
11 30 2
11 37 3
11 38 8
11 41 12
11 42 19
11 44 18
11 52 15
11 53 7
11 55 8
11 57 15
11 63 13
11 64 15
11 68 2
11 74 7
11 75 17
11 80 1
11 81 14
11 87 16
11 88 8
11 90 11
11 91 4
11 94 19
11 95 3
11 97 2
11 98 5
12 13 20
12 16 18
12 18 15
12 19 7
12 20 20
12 21 9
12 28 6
12 30 6
12 31 8
12 32 5
12 33 4
12 35 7
12 37 5
12 43 2
12 44 5
12 51 18
12 53 5
12 55 11
12 57 15
12 59 20
12 68 16
12 70 5
12 72 12
12 80 4
12 81 7
12 83 18
12 85 16
12 86 19
12 87 1
12 88 5
12 92 9
12 93 9
12 97 9
12 99 6
13 14 5
13 15 20
13 22 14
13 25 18
13 26 2
13 29 11
13 30 8
13 32 10
13 36 3
13 37 6
13 38 8
13 40 6
13 44 12
13 54 10
13 55 2
13 56 7
13 62 4
13 63 13
13 64 7
13 68 15
13 76 12
13 79 5
13 85 8
13 86 14
13 87 13
13 91 16
13 93 14
13 96 16
13 97 5
13 98 9
13 99 17
14 15 8
14 19 1
14 20 12
14 21 13
14 23 8
14 25 14
14 27 13
14 35 10
14 36 2
14 41 19
14 44 14
14 46 5
14 50 2
14 52 16
14 55 4
14 58 20
14 61 18
14 62 7
14 65 13
14 68 1
14 72 6
14 74 16
14 75 19
14 76 12
14 80 8
14 82 8
14 87 9
14 90 20
14 96 6
14 97 7
15 18 13
15 21 9
15 22 16
15 23 10
15 24 17
15 33 8
15 34 5
15 36 5
15 38 8
15 42 1
15 45 6
15 47 11
15 49 20
15 51 2
15 53 2
15 55 4
15 60 14
15 61 19
15 62 4
15 64 14
15 65 17
15 67 7
15 68 8
15 70 13
15 71 1
15 73 18
15 75 15
15 76 19
15 78 18
15 79 5
15 83 8
15 84 8
15 87 7
15 88 20
15 89 17
15 90 7
15 92 20
15 94 6
15 98 20
16 18 13
16 19 18
16 21 5
16 25 1
16 26 3
16 31 2
16 32 3
16 35 9
16 43 7
16 44 7
16 45 11
16 48 12
16 50 5
16 51 1
16 54 5
16 55 11
16 56 8
16 58 9
16 61 16
16 63 2
16 68 11
16 69 17
16 70 9
16 71 16
16 73 1
16 74 19
16 77 20
16 81 10
16 83 7
16 86 13
16 87 5
16 88 4
16 91 7
16 95 13
16 98 19
16 99 9
17 20 20
17 21 5
17 23 12
17 24 16
17 25 10
17 26 12
17 29 1
17 32 3
17 34 10
17 37 8
17 38 12
17 40 9
17 42 19
17 48 1
17 49 19
17 52 5
17 54 3
17 57 4
17 59 7
17 60 15
17 61 1
17 62 10
17 64 10
17 74 9
17 77 6
17 78 13
17 79 6
17 80 11
17 82 2
17 88 15
17 89 8
17 90 10
17 91 5
17 95 14
17 99 6
18 24 20
18 25 11
18 28 13
18 31 5
18 32 19
18 39 11
18 45 9
18 48 11
18 49 2
18 52 7
18 55 3
18 56 20
18 57 9
18 59 1
18 61 18
18 62 8
18 66 5
18 68 10
18 71 11
18 72 8
18 75 19
18 77 16
18 78 12
18 79 12
18 85 17
18 88 18
18 94 14
18 97 9
18 99 10
19 25 2
19 31 15
19 35 5
19 36 7
19 39 15
19 41 13
19 42 2
19 48 20
19 50 9
19 51 18
19 53 16
19 54 17
19 55 10
19 56 15
19 58 14
19 59 5
19 60 9
19 61 16
19 62 8
19 63 1
19 64 5
19 65 14
19 70 16
19 75 8
19 78 5
19 82 13
19 83 13
19 84 16
19 86 8
19 87 10
19 92 4
19 93 3
19 95 1
20 22 18
20 23 8
20 24 17
20 27 17
20 28 4
20 30 16
20 31 16
20 32 15
20 37 9
20 38 14
20 40 15
20 42 15
20 44 14
20 45 5
20 46 19
20 52 17
20 54 14
20 55 10
20 61 1
20 65 5
20 68 9
20 70 10
20 71 6
20 72 18
20 73 1
20 75 9
20 77 9
20 79 14
20 80 7
20 82 15
20 83 8
20 84 17
20 86 11
20 87 2
20 92 12
20 96 6
20 97 8
20 98 18
20 99 13
21 24 2
21 29 4
21 33 8
21 36 11
21 38 19
21 43 19
21 44 19
21 47 10
21 49 17
21 51 18
21 52 8
21 55 11
21 57 2
21 59 15
21 63 19
21 64 17
21 67 1
21 71 3
21 72 3
21 73 2
21 75 19
21 77 15
21 84 4
21 88 6
21 89 8
21 93 14
21 99 18
22 23 7
22 24 13
22 25 3
22 26 2
22 29 3
22 30 19
22 32 15
22 34 1
22 36 19
22 38 12
22 40 2
22 44 2
22 45 19
22 46 18
22 50 11
22 53 12
22 54 7
22 55 17
22 57 18
22 62 13
22 64 16
22 65 14
22 67 3
22 69 12
22 70 16
22 71 18
22 72 15
22 73 19
22 75 2
22 80 8
22 82 15
22 86 7
22 88 14
22 93 3
22 96 5
22 97 6
23 29 14
23 33 11
23 37 12
23 38 17
23 39 19
23 41 11
23 43 10
23 44 15
23 46 18
23 47 5
23 48 18
23 50 8
23 51 15
23 53 3
23 56 4
23 58 2
23 61 11
23 63 9
23 68 3
23 70 12
23 73 7
23 76 13
23 77 13
23 80 1
23 83 3
23 85 9
23 87 10
23 89 18
23 91 16
23 92 11
23 94 1
23 96 16
23 99 13
24 25 5
24 27 17
24 28 8
24 32 13
24 33 1
24 34 20
24 36 9
24 39 14
24 42 18
24 43 9
24 44 15
24 45 2
24 46 5
24 47 19
24 48 16
24 53 5
24 54 2
24 56 4
24 58 18
24 60 9
24 64 2
24 65 6
24 66 18
24 67 2
24 68 15
24 70 16
24 71 18
24 74 19
24 76 11
24 77 3
24 78 20
24 80 13
24 82 13
24 83 18
24 90 10
24 95 2
24 97 13
25 28 4
25 29 13
25 37 1
25 38 13
25 43 19
25 44 11
25 47 17
25 51 14
25 53 5
25 55 2
25 56 15
25 59 12
25 64 10
25 65 19
25 69 4
25 71 11
25 72 1
25 74 1
25 77 8
25 84 14
25 85 16
25 88 17
25 89 3
25 90 16
25 92 13
25 96 9
26 28 3
26 29 4
26 33 10
26 35 13
26 37 3
26 40 3
26 45 9
26 47 13
26 48 3
26 50 20
26 57 9
26 58 1
26 59 11
26 60 18
26 61 18
26 62 8
26 67 11
26 74 8
26 75 20
26 77 11
26 79 1
26 80 4
26 83 11
26 84 14
26 86 8
26 90 8
26 93 9
26 94 4
26 95 7
26 96 14
26 97 2
26 98 6
27 32 16
27 34 19
27 35 4
27 37 20
27 42 8
27 43 20
27 50 17
27 51 15
27 53 17
27 54 20
27 59 9
27 61 1
27 62 15
27 65 18
27 68 13
27 70 10
27 71 13
27 72 16
27 73 5
27 76 7
27 77 12
27 80 3
27 82 13
27 85 6
27 88 1
27 92 12
27 95 11
27 99 6
28 29 7
28 32 11
28 37 16
28 39 8
28 40 10
28 43 10
28 48 12
28 49 1
28 51 18
28 57 2
28 62 9
28 63 16
28 64 10
28 67 8
28 68 17
28 69 5
28 71 18
28 72 12
28 73 10
28 76 12
28 79 12
28 80 20
28 81 16
28 84 7
28 86 2
28 89 5
28 95 15
29 35 16
29 40 2
29 44 18
29 45 1
29 49 20
29 51 10
29 52 6
29 54 10
29 55 18
29 56 9
29 57 6
29 58 1
29 64 12
29 66 12
29 67 8
29 68 9
29 69 13
29 70 9
29 75 19
29 76 16
29 77 20
29 80 11
29 81 6
29 86 19
29 89 20
29 98 13
30 31 9
30 36 15
30 37 11
30 38 14
30 40 13
30 41 19
30 42 8
30 48 9
30 50 4
30 51 14
30 56 10
30 57 8
30 58 3
30 59 3
30 66 17
30 68 1
30 71 18
30 73 7
30 77 3
30 82 16
30 91 10
30 96 20
31 32 12
31 33 2
31 39 15
31 45 11
31 48 2
31 49 11
31 50 13
31 51 5
31 52 16
31 54 19
31 58 18
31 59 5
31 64 12
31 65 1
31 66 1
31 69 6
31 73 5
31 74 10
31 75 7
31 79 3
31 80 15
31 81 12
31 83 14
31 85 16
31 95 12
31 96 12
31 98 20
32 33 16
32 34 2
32 35 6
32 36 19
32 37 12
32 38 14
32 41 16
32 42 2
32 44 5
32 45 8
32 54 13
32 55 7
32 58 18
32 60 10
32 62 4
32 65 16
32 68 7
32 74 8
32 75 10
32 78 10
32 81 4
32 84 20
32 90 8
32 91 18
32 93 3
32 95 15
32 99 19
33 37 15
33 42 13
33 44 10
33 48 6
33 51 12
33 52 7
33 55 17
33 60 4
33 61 4
33 68 5
33 69 16
33 70 2
33 71 19
33 77 11
33 78 12
33 79 4
33 82 10
33 90 12
33 92 18
33 93 9
33 95 14
33 96 6
33 97 13
33 98 18
34 35 8
34 37 15
34 38 17
34 40 7
34 44 18
34 49 20
34 50 14
34 51 17
34 52 14
34 54 6
34 60 19
34 68 8
34 69 8
34 73 9
34 76 5
34 80 14
34 81 19
34 82 15
34 87 5
34 90 16
34 91 12
34 92 4
34 94 8
34 95 14
34 96 13
34 99 15
35 36 13
35 37 13
35 40 14
35 41 6
35 45 12
35 48 1
35 53 4
35 54 15
35 55 12
35 57 13
35 60 7
35 63 19
35 64 17
35 70 4
35 73 2
35 89 11
35 90 3
35 93 2
35 96 19
35 97 17
36 37 12
36 38 3
36 42 9
36 45 4
36 49 19
36 50 14
36 53 11
36 61 19
36 62 6
36 63 1
36 67 1
36 71 10
36 74 5
36 75 19
36 77 9
36 81 15
36 82 4
36 83 9
36 84 4
36 85 4
36 91 8
36 93 14
36 97 3
36 98 10
36 99 6
37 38 12
37 39 4
37 44 3
37 46 4
37 50 2
37 52 4
37 53 6
37 61 13
37 62 2
37 66 3
37 71 10
37 73 1
37 74 11
37 76 9
37 77 12
37 81 1
37 83 4
37 88 18
37 89 9
37 93 14
37 96 16
37 98 6
38 40 12
38 44 2
38 46 7
38 47 3
38 48 12
38 53 8
38 54 5
38 56 11
38 58 6
38 62 4
38 63 3
38 65 7
38 67 14
38 69 10
38 70 12
38 74 15
38 75 13
38 76 18
38 78 18
38 79 2
38 80 2
38 86 17
38 88 16
38 90 15
38 93 6
38 94 13
39 41 15
39 42 18
39 44 5
39 47 17
39 48 14
39 49 3
39 51 17
39 57 10
39 58 16
39 59 20
39 60 20
39 62 16
39 63 17
39 66 17
39 70 6
39 72 14
39 75 16
39 79 17
39 82 2
39 84 8
39 85 15
39 89 14
39 91 13
39 95 6
40 44 6
40 45 4
40 46 15
40 48 13
40 49 17
40 51 5
40 53 1
40 54 6
40 57 20
40 58 13
40 59 13
40 71 10
40 72 2
40 73 2
40 77 1
40 80 1
40 82 4
40 86 18
40 90 6
40 96 7
40 97 12
40 98 16
41 46 10
41 48 10
41 53 19
41 55 13
41 60 15
41 61 8
41 64 6
41 65 8
41 66 6
41 67 19
41 68 17
41 70 2
41 71 14
41 74 6
41 75 15
41 77 16
41 82 3
41 83 9
41 84 20
41 88 7
41 90 4
41 93 6
41 96 13
41 99 9
42 43 17
42 46 3
42 50 17
42 55 5
42 57 16
42 58 9
42 66 3
42 68 10
42 70 9
42 72 4
42 73 4
42 75 7
42 80 17
42 81 1
42 82 5
42 83 4
42 84 11
42 85 16
42 89 10
42 90 9
42 91 15
42 93 11
42 94 12
42 95 14
42 98 15
43 44 17
43 45 16
43 47 7
43 48 3
43 50 19
43 51 16
43 53 13
43 56 8
43 57 15
43 58 19
43 59 11
43 67 1
43 69 9
43 70 14
43 71 10
43 75 2
43 76 7
43 80 8
43 82 1
43 83 5
43 86 15
43 87 6
43 89 16
43 90 18
43 92 14
43 93 10
43 96 16
43 98 18
44 46 17
44 50 16
44 52 5
44 54 20
44 56 3
44 57 18
44 59 3
44 61 13
44 64 8
44 66 16
44 68 8
44 71 2
44 72 5
44 74 8
44 76 15
44 77 12
44 78 10
44 79 13
44 80 16
44 82 19
44 86 16
44 87 12
44 88 11
44 89 20
44 90 3
44 92 16
44 94 11
44 95 17
44 97 18
45 46 4
45 51 10
45 52 1
45 54 5
45 55 6
45 57 16
45 59 13
45 62 16
45 64 4
45 66 4
45 68 19
45 69 17
45 72 5
45 78 11
45 79 17
45 80 19
45 84 12
45 85 17
45 87 8
45 88 2
45 91 9
45 94 8
45 95 2
45 97 11
45 98 10
46 49 2
46 53 2
46 57 20
46 58 15
46 60 19
46 68 19
46 69 8
46 71 17
46 72 12
46 73 6
46 75 18
46 76 7
46 81 10
46 84 15
46 85 14
46 86 20
46 87 1
46 91 9
46 93 16
46 96 12
46 98 14
46 99 18
47 53 4
47 54 16
47 55 12
47 57 20
47 61 9
47 66 9
47 67 5
47 68 14
47 69 5
47 73 17
47 75 15
47 79 16
47 81 1
47 82 19
47 87 18
47 88 18
47 91 20
47 96 18
47 97 9
47 98 5
48 51 11
48 52 2
48 55 12
48 56 13
48 60 7
48 63 15
48 64 2
48 65 8
48 66 12
48 67 19
48 68 18
48 72 8
48 74 15
48 77 11
48 82 8
48 83 4
48 84 12
48 87 20
48 88 6
48 90 7
48 93 4
48 95 8
48 96 20
48 97 6
48 98 5
48 99 9
49 50 1
49 54 16
49 56 4
49 58 4
49 66 7
49 71 5
49 73 14
49 76 18
49 79 14
49 81 11
49 82 8
49 86 17
49 87 5
49 94 4
49 97 15
50 60 12
50 62 8
50 65 12
50 68 11
50 73 8
50 74 12
50 76 6
50 80 15
50 83 20
50 88 11
50 91 13
50 92 5
50 93 4
50 95 7
50 96 2
50 98 18
50 99 5
51 53 14
51 54 13
51 55 5
51 62 4
51 64 10
51 65 5
51 70 3
51 75 16
51 76 17
51 78 6
51 82 6
51 83 16
51 85 2
51 86 20
51 88 17
51 90 18
51 92 15
51 93 12
51 94 9
51 95 3
52 53 15
52 55 5
52 60 19
52 64 18
52 65 19
52 66 12
52 68 9
52 71 20
52 72 19
52 74 20
52 79 14
52 81 12
52 82 1
52 85 13
52 88 18
52 89 14
52 95 19
52 97 2
52 99 17
53 55 16
53 56 15
53 57 3
53 59 20
53 60 3
53 61 15
53 63 2
53 64 9
53 65 5
53 69 11
53 72 9
53 73 8
53 74 12
53 76 18
53 77 6
53 83 11
53 85 13
53 87 19
53 89 1
53 92 1
53 93 9
53 94 3
53 96 9
54 56 7
54 57 18
54 60 16
54 61 6
54 62 1
54 67 3
54 72 3
54 74 1
54 75 17
54 76 19
54 78 15
54 79 18
54 81 8
54 82 5
54 83 1
54 84 3
54 85 4
54 87 17
54 90 9
54 93 7
55 59 9
55 60 14
55 65 5
55 66 9
55 71 8
55 74 15
55 75 18
55 78 8
55 85 15
55 86 18
55 87 10
55 88 16
55 89 2
55 92 15
55 93 11
55 94 9
55 97 20
55 98 19
56 59 16
56 63 19
56 64 3
56 66 9
56 68 6
56 70 16
56 75 18
56 76 17
56 77 2
56 78 11
56 81 14
56 83 9
56 91 5
56 92 9
56 93 10
56 94 7
56 98 17
57 59 4
57 61 12
57 63 12
57 65 12
57 68 11
57 69 14
57 72 14
57 77 15
57 80 8
57 87 13
57 89 6
57 92 4
57 94 10
58 60 19
58 61 5
58 66 4
58 70 18
58 76 19
58 79 8
58 80 2
58 81 19
58 82 15
58 84 16
58 85 10
58 87 11
58 88 3
58 89 18
58 93 16
58 94 19
58 96 7
58 97 20
58 99 17
59 60 3
59 61 3
59 63 14
59 65 17
59 66 17
59 69 13
59 73 2
59 75 19
59 78 10
59 82 18
59 90 8
59 91 1
59 93 9
60 63 8
60 64 15
60 65 19
60 68 16
60 70 14
60 71 6
60 72 9
60 73 12
60 74 19
60 76 1
60 79 10
60 81 14
60 84 8
60 86 4
60 87 13
60 88 13
60 91 9
60 95 6
61 63 1
61 64 15
61 65 20
61 68 4
61 72 20
61 76 8
61 79 5
61 80 18
61 82 7
61 85 19
61 88 20
61 89 5
61 93 6
61 98 20
61 99 4
62 63 8
62 65 18
62 69 19
62 71 7
62 72 19
62 73 8
62 74 15
62 78 16
62 79 9
62 81 20
62 89 1
62 94 12
62 97 17
62 98 17
62 99 4
63 68 9
63 71 13
63 76 3
63 77 11
63 78 4
63 80 20
63 82 9
63 84 15
63 87 20
63 94 7
63 96 19
63 98 16
63 99 9
64 65 2
64 66 2
64 70 15
64 71 9
64 72 13
64 77 9
64 78 16
64 88 18
64 90 18
64 95 12
64 96 20
64 97 13
64 99 20
65 67 8
65 69 7
65 71 9
65 73 1
65 82 13
65 84 16
65 86 6
65 88 3
65 89 3
65 90 9
65 92 8
65 93 17
65 95 20
65 96 10
65 98 19
66 67 8
66 73 9
66 79 13
66 83 20
66 84 1
66 86 5
66 87 2
66 88 13
66 94 18
66 95 20
66 96 10
66 97 19
67 68 10
67 70 16
67 71 9
67 72 10
67 73 1
67 75 5
67 77 8
67 78 13
67 79 6
67 86 4
67 87 7
67 88 12
67 90 6
67 93 11
67 94 5
67 99 9
68 69 9
68 70 2
68 71 13
68 72 2
68 76 17
68 77 9
68 81 14
68 85 3
68 86 8
68 87 11
68 89 20
68 90 20
68 91 6
68 93 10
68 95 10
68 96 4
68 97 2
68 98 18
68 99 19
69 70 8
69 72 19
69 74 19
69 77 15
69 80 2
69 81 19
69 83 11
69 85 9
69 88 4
69 89 12
69 92 12
69 97 8
69 99 12
70 76 7
70 79 2
70 81 13
70 82 17
70 86 20
70 88 5
70 93 19
70 94 1
70 95 8
70 96 11
71 73 8
71 74 13
71 75 20
71 77 18
71 80 1
71 81 10
71 82 1
71 85 7
71 88 16
71 89 17
71 98 11
72 74 14
72 76 7
72 77 5
72 78 6
72 85 8
72 89 17
72 94 18
72 95 8
72 98 10
72 99 11
73 75 12
73 79 15
73 84 3
73 85 9
73 90 2
73 91 14
73 95 13
73 98 19
74 80 4
74 81 18
74 83 18
74 84 16
74 86 3
74 88 12
74 91 18
74 93 15
75 76 12
75 77 16
75 81 18
75 84 13
75 85 1
75 86 17
75 87 6
75 92 11
75 96 13
75 97 3
75 99 4
76 78 16
76 80 1
76 81 12
76 82 13
76 85 5
76 86 5
76 87 10
76 90 18
76 92 7
76 93 20
76 98 13
77 78 16
77 80 1
77 81 16
77 84 8
77 91 13
77 94 9
77 95 20
77 96 13
78 79 15
78 80 7
78 82 16
78 83 6
78 84 7
78 88 14
78 91 18
78 92 9
78 96 15
78 99 2
79 83 18
79 87 5
79 90 18
79 91 7
79 92 20
79 93 10
79 94 20
79 95 6
79 96 3
79 98 10
79 99 14
80 85 9
80 86 18
80 90 3
80 98 18
80 99 17
81 84 9
81 85 2
81 89 18
81 96 13
81 99 20
82 83 1
82 84 17
82 87 18
82 89 14
82 92 8
82 95 5
82 98 15
83 87 10
83 88 14
83 90 6
83 93 4
83 97 19
83 98 17
83 99 9
84 85 10
84 88 5
84 91 4
84 93 1
85 87 7
85 88 11
85 89 7
85 90 14
85 91 7
85 93 11
85 95 19
86 90 12
86 93 8
86 97 15
86 99 17
87 93 12
87 94 2
87 95 19
87 96 10
87 99 4
88 89 6
88 91 3
88 94 12
88 95 14
89 90 3
89 92 15
89 94 7
89 96 3
89 97 20
90 91 18
90 93 20
90 94 1
90 96 10
90 97 2
91 97 10
92 94 13
92 95 5
92 97 20
93 94 12
94 97 14
94 98 20
94 99 13
95 97 2
95 99 16
98 99 20
7 24 7
10 51 56
13 20 71
24 79 24
25 89 3
30 57 96
38 35 17
44 77 12
45 78 71
47 72 36
52 30 20
62 75 12
64 60 17
65 73 86
68 65 99
68 11 45
81 69 26
85 50 89
98 44 31
100 25 63
