512 511 19 26
259 229 192 145 305 44 73 26 364 134 139 116 16 139 261 165 460 298 144 301 359 6 94 252 136 333
0 1 11
0 2 4
0 4 10
0 8 13
0 16 13
0 32 14
0 64 9
0 128 9
0 256 2
2 3 15
4 5 1
4 6 5
6 7 11
8 9 6
8 10 13
8 12 8
10 11 5
12 13 8
12 14 2
14 15 11
16 17 14
16 18 3
16 20 15
16 24 8
18 19 3
20 21 12
20 22 5
24 25 5
24 26 8
24 28 15
22 23 14
26 27 1
28 29 3
28 30 13
30 31 9
32 33 7
32 34 12
32 36 7
32 40 10
32 48 8
34 35 5
36 37 9
36 38 14
40 41 14
40 42 4
40 44 9
48 49 1
48 50 6
48 52 6
48 56 12
38 39 9
42 43 6
44 45 6
44 46 5
46 47 2
50 51 11
52 53 2
52 54 2
56 57 5
56 58 12
56 60 7
54 55 1
58 59 13
60 61 11
60 62 9
62 63 12
64 65 10
64 66 6
64 68 10
64 72 14
64 80 11
64 96 9
66 67 1
68 69 15
68 70 5
72 73 7
72 74 7
72 76 9
80 81 3
80 82 12
80 84 4
80 88 5
96 97 7
96 98 12
96 100 13
96 104 1
96 112 5
70 71 3
74 75 14
76 77 6
76 78 8
78 79 7
82 83 11
84 85 6
84 86 2
88 89 7
88 90 13
88 92 2
86 87 12
90 91 5
92 93 3
92 94 7
94 95 11
98 99 9
100 101 15
100 102 2
104 105 9
104 106 5
104 108 14
112 113 14
112 114 7
112 116 7
112 120 14
102 103 14
106 107 7
108 109 11
108 110 2
114 115 8
116 117 3
116 118 6
120 121 6
120 122 12
120 124 1
110 111 12
118 119 7
122 123 7
124 125 1
124 126 15
126 127 4
128 129 4
128 130 8
128 132 15
128 136 9
128 144 15
128 160 1
128 192 13
130 131 3
132 133 11
132 134 10
136 137 15
136 138 3
136 140 3
144 145 2
144 146 4
144 148 9
144 152 10
160 161 11
160 162 8
160 164 6
160 168 3
160 176 2
192 193 3
192 194 15
192 196 9
192 200 1
192 208 9
192 224 6
134 135 8
138 139 15
140 141 4
140 142 6
142 143 11
146 147 8
148 149 1
148 150 13
152 153 11
152 154 13
152 156 4
150 151 5
154 155 8
156 157 11
156 158 1
158 159 15
162 163 15
164 165 11
164 166 3
168 169 14
168 170 8
168 172 7
176 177 11
176 178 14
176 180 1
176 184 3
166 167 13
170 171 13
172 173 2
172 174 4
178 179 4
180 181 9
180 182 12
184 185 4
184 186 2
184 188 11
174 175 7
182 183 15
186 187 15
188 189 15
188 190 13
190 191 8
194 195 2
196 197 9
196 198 3
200 201 3
200 202 13
200 204 8
208 209 14
208 210 11
208 212 1
208 216 6
224 225 1
224 226 12
224 228 14
224 232 11
224 240 1
198 199 5
202 203 12
204 205 11
204 206 3
210 211 13
212 213 5
212 214 1
216 217 3
216 218 2
216 220 7
226 227 5
228 229 11
228 230 4
232 233 4
232 234 8
232 236 7
240 241 5
240 242 1
240 244 7
240 248 9
206 207 15
214 215 4
218 219 8
220 221 7
220 222 12
222 223 10
230 231 5
234 235 11
236 237 2
236 238 11
242 243 9
244 245 11
244 246 10
248 249 8
248 250 11
248 252 15
238 239 10
246 247 4
250 251 3
252 253 15
252 254 14
254 255 10
256 257 12
256 258 15
256 260 8
256 264 6
256 272 15
256 288 3
256 320 15
256 384 14
258 259 10
260 261 9
260 262 11
264 265 14
264 266 3
264 268 14
272 273 8
272 274 7
272 276 14
272 280 14
288 289 3
288 290 5
288 292 3
288 296 12
288 304 5
320 321 1
320 322 8
320 324 7
320 328 6
320 336 1
320 352 11
384 385 1
384 386 11
384 388 1
384 392 7
384 400 7
384 416 9
384 448 9
262 263 12
266 267 7
268 269 2
268 270 9
270 271 11
274 275 7
276 277 8
276 278 13
280 281 4
280 282 8
280 284 6
278 279 10
282 283 3
284 285 5
284 286 2
286 287 2
290 291 12
292 293 8
292 294 15
296 297 5
296 298 15
296 300 2
304 305 12
304 306 9
304 308 7
304 312 2
294 295 2
298 299 14
300 301 7
300 302 2
306 307 1
308 309 1
308 310 14
312 313 15
312 314 11
312 316 1
302 303 7
310 311 3
314 315 5
316 317 5
316 318 5
318 319 8
322 323 7
324 325 14
324 326 9
328 329 15
328 330 10
328 332 4
336 337 14
336 338 4
336 340 1
336 344 1
352 353 8
352 354 7
352 356 2
352 360 8
352 368 4
326 327 10
330 331 8
332 333 11
332 334 14
338 339 12
340 341 10
340 342 8
344 345 9
344 346 13
344 348 7
354 355 8
356 357 3
356 358 10
360 361 2
360 362 2
360 364 2
368 369 10
368 370 12
368 372 13
368 376 7
334 335 9
342 343 13
346 347 6
348 349 11
348 350 5
350 351 10
358 359 15
362 363 5
364 365 3
364 366 7
370 371 11
372 373 11
372 374 8
376 377 7
376 378 6
376 380 11
366 367 15
374 375 6
378 379 14
380 381 2
380 382 8
382 383 7
386 387 14
388 389 7
388 390 5
392 393 13
392 394 10
392 396 11
400 401 3
400 402 5
400 404 7
400 408 7
416 417 5
416 418 5
416 420 3
416 424 7
416 432 12
448 449 2
448 450 5
448 452 11
448 456 4
448 464 7
448 480 5
390 391 13
394 395 13
396 397 5
396 398 7
402 403 7
404 405 13
404 406 14
408 409 10
408 410 5
408 412 1
418 419 10
420 421 10
420 422 10
424 425 1
424 426 14
424 428 8
432 433 10
432 434 8
432 436 12
432 440 15
450 451 7
452 453 13
452 454 8
456 457 14
456 458 6
456 460 3
464 465 7
464 466 7
464 468 7
464 472 13
480 481 3
480 482 13
480 484 12
480 488 3
480 496 2
398 399 9
406 407 4
410 411 10
412 413 6
412 414 5
414 415 14
422 423 5
426 427 11
428 429 2
428 430 15
434 435 14
436 437 3
436 438 3
440 441 10
440 442 14
440 444 4
430 431 12
438 439 9
442 443 2
444 445 12
444 446 4
446 447 2
454 455 10
458 459 5
460 461 4
460 462 2
466 467 3
468 469 8
468 470 3
472 473 5
472 474 12
472 476 10
482 483 5
484 485 13
484 486 11
488 489 6
488 490 10
488 492 14
496 497 4
496 498 15
496 500 8
496 504 5
462 463 13
470 471 12
474 475 14
476 477 1
476 478 7
486 487 15
490 491 4
492 493 6
492 494 1
498 499 15
500 501 3
500 502 9
504 505 7
504 506 4
504 508 7
478 479 11
494 495 8
502 503 15
506 507 8
508 509 15
508 510 9
510 511 7
17 432 268
18 114 339
27 227 219
29 30 84
35 127 357
36 101 122
42 410 434
43 443 471
44 165 271
49 389 181
54 349 454
58 57 261
59 81 321
59 385 271
69 423 326
73 177 291
82 499 149
84 233 448
88 126 277
