100 2448 24 10
15 68 94 46 3 68 69 26 5 48
0 1 20
0 2 15
0 3 11
0 4 5
0 7 14
0 10 14
0 11 19
0 12 15
0 13 9
0 15 11
0 19 4
0 22 11
0 24 10
0 25 7
0 26 8
0 28 14
0 31 11
0 32 12
0 33 4
0 34 2
0 36 17
0 37 11
0 39 17
0 40 6
0 45 20
0 46 1
0 49 14
0 53 1
0 55 20
0 59 12
0 60 16
0 64 15
0 65 5
0 70 7
0 76 21
0 77 17
0 78 6
0 82 8
0 83 16
0 86 19
0 87 7
0 88 4
0 89 17
0 91 19
0 93 8
0 94 19
0 95 14
0 97 2
0 98 14
0 99 6
1 2 14
1 3 8
1 5 11
1 6 11
1 9 13
1 10 5
1 16 1
1 17 3
1 18 6
1 19 15
1 20 10
1 22 16
1 28 17
1 33 20
1 35 10
1 36 3
1 38 13
1 39 6
1 42 1
1 46 3
1 50 14
1 51 12
1 52 11
1 55 18
1 56 3
1 58 8
1 65 21
1 68 12
1 71 13
1 74 4
1 75 12
1 77 6
1 81 12
1 82 14
1 86 16
1 87 5
1 88 10
1 89 12
1 92 9
1 93 6
1 94 19
1 96 13
1 97 21
1 99 5
2 3 6
2 5 8
2 6 3
2 13 19
2 18 8
2 21 17
2 22 17
2 23 13
2 24 12
2 25 5
2 26 20
2 28 8
2 30 10
2 31 14
2 32 16
2 33 17
2 36 6
2 37 17
2 38 10
2 39 7
2 40 6
2 41 17
2 43 12
2 44 19
2 46 8
2 51 17
2 53 19
2 55 8
2 57 16
2 58 5
2 59 14
2 66 11
2 67 2
2 71 2
2 73 12
2 76 9
2 77 18
2 81 16
2 90 7
2 91 7
2 92 10
2 95 17
2 99 12
3 4 6
3 5 10
3 7 10
3 8 21
3 9 10
3 10 19
3 11 15
3 12 15
3 14 11
3 16 17
3 17 18
3 18 17
3 21 20
3 25 2
3 26 3
3 30 21
3 31 12
3 34 9
3 35 8
3 38 1
3 39 4
3 41 6
3 43 1
3 44 19
3 45 14
3 46 1
3 47 18
3 48 4
3 51 2
3 52 16
3 53 19
3 54 11
3 55 16
3 56 12
3 59 1
3 61 20
3 62 12
3 63 9
3 66 7
3 68 7
3 71 15
3 73 17
3 74 16
3 75 8
3 77 19
3 78 1
3 79 9
3 80 11
3 82 8
3 83 10
3 85 2
3 86 16
3 89 21
3 93 7
3 94 12
3 97 9
3 98 19
4 9 11
4 10 16
4 11 6
4 12 14
4 14 21
4 15 10
4 17 17
4 18 18
4 21 12
4 23 7
4 26 14
4 29 15
4 30 10
4 36 1
4 40 20
4 41 14
4 45 16
4 46 17
4 47 21
4 48 15
4 49 1
4 52 15
4 54 6
4 56 3
4 58 6
4 59 18
4 62 18
4 63 18
4 64 18
4 69 19
4 71 6
4 72 2
4 74 8
4 75 8
4 76 20
4 77 12
4 80 3
4 84 14
4 85 6
4 87 9
4 89 4
4 92 18
4 93 3
4 95 9
4 97 13
4 98 10
4 99 17
5 7 9
5 9 13
5 10 1
5 13 16
5 15 8
5 16 6
5 19 15
5 20 13
5 24 20
5 25 21
5 26 21
5 27 5
5 30 15
5 31 6
5 32 9
5 33 10
5 38 2
5 40 16
5 42 2
5 48 13
5 49 7
5 50 19
5 51 21
5 52 1
5 53 13
5 58 8
5 60 9
5 61 10
5 62 9
5 63 6
5 66 7
5 69 8
5 74 2
5 75 16
5 76 9
5 79 19
5 81 9
5 87 9
5 88 12
5 90 19
5 93 13
5 96 10
6 8 21
6 9 3
6 11 12
6 13 3
6 16 5
6 18 5
6 19 4
6 21 9
6 22 5
6 25 15
6 26 16
6 27 7
6 28 7
6 29 7
6 30 4
6 32 21
6 35 15
6 39 15
6 43 20
6 44 16
6 45 16
6 47 13
6 49 17
6 54 18
6 56 12
6 57 16
6 58 20
6 60 12
6 64 16
6 66 18
6 67 14
6 68 20
6 69 3
6 70 11
6 72 11
6 73 21
6 74 3
6 76 16
6 83 13
6 85 8
6 86 8
6 89 17
6 90 3
6 91 1
6 93 9
6 94 3
6 96 15
6 97 17
7 10 9
7 12 1
7 13 15
7 14 3
7 18 14
7 20 1
7 24 14
7 25 11
7 27 2
7 31 9
7 33 7
7 35 1
7 38 1
7 41 20
7 50 20
7 52 6
7 53 16
7 56 3
7 60 2
7 66 15
7 72 12
7 74 10
7 75 8
7 78 1
7 81 11
7 85 2
7 86 1
7 88 20
7 89 1
7 90 1
7 91 9
7 92 1
7 93 9
7 95 16
7 98 10
8 9 10
8 10 11
8 11 19
8 12 6
8 13 3
8 14 20
8 19 14
8 20 10
8 22 14
8 24 4
8 28 7
8 29 14
8 32 1
8 34 19
8 35 8
8 37 1
8 38 16
8 40 16
8 41 7
8 42 18
8 44 15
8 45 2
8 46 5
8 49 8
8 51 4
8 54 12
8 55 3
8 57 10
8 58 4
8 59 10
8 62 4
8 64 17
8 65 2
8 67 20
8 68 2
8 69 11
8 73 12
8 74 6
8 78 11
8 84 13
8 85 13
8 86 8
8 87 12
8 90 21
8 92 8
8 94 1
8 98 14
9 10 20
9 11 2
9 16 4
9 18 5
9 19 11
9 22 5
9 23 2
9 24 8
9 26 8
9 31 5
9 32 4
9 34 21
9 35 20
9 36 17
9 37 1
9 41 13
9 42 2
9 43 19
9 45 5
9 47 5
9 53 3
9 55 13
9 56 14
9 57 1
9 58 16
9 59 3
9 60 15
9 61 18
9 62 20
9 63 1
9 65 19
9 67 12
9 70 20
9 71 7
9 77 2
9 78 17
9 80 14
9 81 20
9 82 20
9 83 18
9 84 2
9 85 3
9 86 14
9 87 3
9 91 5
9 93 10
9 95 19
9 99 16
10 12 21
10 19 10
10 20 7
10 21 8
10 26 20
10 27 7
10 28 6
10 29 5
10 30 10
10 33 4
10 35 13
10 36 10
10 37 13
10 39 13
10 41 16
10 42 7
10 44 14
10 45 6
10 47 4
10 48 14
10 55 2
10 56 14
10 57 1
10 59 1
10 61 21
10 63 10
10 66 19
10 68 18
10 70 8
10 72 14
10 74 17
10 76 3
10 79 10
10 81 6
10 82 4
10 83 19
10 84 12
10 85 2
10 86 10
10 90 20
10 94 13
10 95 2
10 96 3
10 98 1
11 12 1
11 14 3
11 16 20
11 17 7
11 18 2
11 19 4
11 20 15
11 21 17
11 22 12
11 24 10
11 25 11
11 26 16
11 28 19
11 29 8
11 31 16
11 32 9
11 33 13
11 38 17
11 39 10
11 46 10
11 49 2
11 55 6
11 56 20
11 59 5
11 62 16
11 64 9
11 65 1
11 66 9
11 68 1
11 74 10
11 75 21
11 77 19
11 79 16
11 83 10
11 85 17
11 88 18
11 89 16
11 93 21
11 96 5
11 98 10
12 13 8
12 14 9
12 16 11
12 17 10
12 19 12
12 21 21
12 24 6
12 25 14
12 28 6
12 30 8
12 32 13
12 34 11
12 35 4
12 38 12
12 39 17
12 40 14
12 41 17
12 42 7
12 43 18
12 45 6
12 46 1
12 49 8
12 50 19
12 52 5
12 54 17
12 56 16
12 58 5
12 60 1
12 61 13
12 62 18
12 65 1
12 67 10
12 68 4
12 69 7
12 70 20
12 73 2
12 74 20
12 78 20
12 79 6
12 80 15
12 81 11
12 84 6
12 85 8
12 88 11
12 91 7
12 93 3
12 94 9
12 97 9
12 98 2
13 15 11
13 16 7
13 17 18
13 18 2
13 21 3
13 22 12
13 23 2
13 24 16
13 25 16
13 28 14
13 29 5
13 31 14
13 32 21
13 35 15
13 36 2
13 37 7
13 38 8
13 39 13
13 41 3
13 42 21
13 44 5
13 46 1
13 48 4
13 49 16
13 51 15
13 52 3
13 53 13
13 54 16
13 55 7
13 57 9
13 58 8
13 60 14
13 63 18
13 64 21
13 67 6
13 68 4
13 69 8
13 72 3
13 73 14
13 78 3
13 80 15
13 82 12
13 84 5
13 88 5
13 90 9
13 93 15
13 95 12
13 97 5
13 98 2
13 99 6
14 15 1
14 16 17
14 18 13
14 19 7
14 22 9
14 25 4
14 27 3
14 29 16
14 34 10
14 37 11
14 38 19
14 39 17
14 40 2
14 43 8
14 45 11
14 46 6
14 47 2
14 48 14
14 49 16
14 50 16
14 55 8
14 59 19
14 60 12
14 62 9
14 65 9
14 70 19
14 72 6
14 73 13
14 75 2
14 76 20
14 79 3
14 85 7
14 86 12
14 90 8
14 91 12
14 93 12
14 94 1
14 98 21
14 99 20
15 16 2
15 17 8
15 18 6
15 19 8
15 21 3
15 24 10
15 28 11
15 29 18
15 30 20
15 37 17
15 41 10
15 44 16
15 48 19
15 49 21
15 50 2
15 51 21
15 52 14
15 53 2
15 55 11
15 56 11
15 57 15
15 58 2
15 59 9
15 60 10
15 61 5
15 63 1
15 64 6
15 66 13
15 68 20
15 70 13
15 73 17
15 76 4
15 77 21
15 78 19
15 80 15
15 81 2
15 82 13
15 83 18
15 85 7
15 86 17
15 91 14
15 92 21
15 93 3
15 96 8
15 97 7
15 99 7
16 17 5
16 18 6
16 22 8
16 25 11
16 28 4
16 32 16
16 33 8
16 35 16
16 36 18
16 42 15
16 44 14
16 45 11
16 47 16
16 48 16
16 50 5
16 51 20
16 52 5
16 55 12
16 57 12
16 58 18
16 61 14
16 62 7
16 64 12
16 67 18
16 70 13
16 71 12
16 74 12
16 75 16
16 76 21
16 77 12
16 78 5
16 80 13
16 82 13
16 85 17
16 90 12
16 91 8
16 92 11
16 93 9
16 94 12
16 95 2
16 96 19
16 97 5
16 99 13
17 18 19
17 19 4
17 22 13
17 25 2
17 26 13
17 28 21
17 31 6
17 34 19
17 37 8
17 39 4
17 40 4
17 47 6
17 50 7
17 51 14
17 52 16
17 55 3
17 56 2
17 57 18
17 58 11
17 64 11
17 65 19
17 66 8
17 68 19
17 69 13
17 70 20
17 71 9
17 73 1
17 76 6
17 77 9
17 79 19
17 86 10
17 87 9
17 88 1
17 89 8
17 90 14
17 91 20
17 92 6
17 93 1
17 94 9
17 95 19
17 99 1
18 19 16
18 22 5
18 24 12
18 25 3
18 26 6
18 29 3
18 30 18
18 32 17
18 37 3
18 39 6
18 43 2
18 44 6
18 45 10
18 46 8
18 48 13
18 51 21
18 52 16
18 54 16
18 56 13
18 58 18
18 59 3
18 61 21
18 62 19
18 67 15
18 68 21
18 69 4
18 73 21
18 74 20
18 75 20
18 80 14
18 81 13
18 83 19
18 84 10
18 86 17
18 87 2
18 92 3
18 94 18
18 96 14
18 97 8
19 20 12
19 21 10
19 22 14
19 23 13
19 24 1
19 28 6
19 29 14
19 35 16
19 36 13
19 37 8
19 39 16
19 40 10
19 42 3
19 44 4
19 45 8
19 46 11
19 49 4
19 50 15
19 54 3
19 59 2
19 60 6
19 64 11
19 65 7
19 68 5
19 73 8
19 74 11
19 76 4
19 78 16
19 80 18
19 82 2
19 84 16
19 90 7
19 91 13
19 94 12
19 96 13
19 97 8
19 98 15
20 23 10
20 28 2
20 29 18
20 30 11
20 32 16
20 33 9
20 34 7
20 35 1
20 37 16
20 44 2
20 51 18
20 52 8
20 53 13
20 55 20
20 57 5
20 58 2
20 61 3
20 62 14
20 65 11
20 66 19
20 68 12
20 69 20
20 71 11
20 72 1
20 76 12
20 79 17
20 81 7
20 82 6
20 83 7
20 84 7
20 85 3
20 86 15
20 88 6
20 89 19
20 90 20
20 91 8
20 92 21
20 94 8
20 95 19
20 96 19
20 98 12
21 22 3
21 24 9
21 25 2
21 26 14
21 27 4
21 29 10
21 30 2
21 31 4
21 32 13
21 35 3
21 38 7
21 43 21
21 47 5
21 50 5
21 54 16
21 55 12
21 56 17
21 57 4
21 58 5
21 59 12
21 62 1
21 65 21
21 67 17
21 68 3
21 69 5
21 71 9
21 72 6
21 73 2
21 81 13
21 85 11
21 86 14
21 88 11
21 89 14
21 92 7
21 94 13
21 96 18
21 97 9
22 23 13
22 26 7
22 29 6
22 30 9
22 31 2
22 32 10
22 34 19
22 35 1
22 37 3
22 38 6
22 39 7
22 41 10
22 42 16
22 43 21
22 49 10
22 52 21
22 54 21
22 56 5
22 57 21
22 58 12
22 59 4
22 61 7
22 62 12
22 63 12
22 64 19
22 65 1
22 67 10
22 68 20
22 70 13
22 71 2
22 72 14
22 73 17
22 74 11
22 75 14
22 77 18
22 82 8
22 83 5
22 84 21
22 85 15
22 86 21
22 89 2
22 92 5
22 94 17
22 96 4
22 98 10
23 24 15
23 25 6
23 29 13
23 30 11
23 31 1
23 36 20
23 37 16
23 38 3
23 39 10
23 40 9
23 41 6
23 42 2
23 44 15
23 46 3
23 47 12
23 49 11
23 50 19
23 52 3
23 53 21
23 55 7
23 57 16
23 58 11
23 59 21
23 61 3
23 62 7
23 64 16
23 68 11
23 71 9
23 76 21
23 79 17
23 82 16
23 86 2
23 89 19
23 90 18
23 94 14
23 96 12
23 97 19
23 99 4
24 29 7
24 30 20
24 31 21
24 32 20
24 35 11
24 37 6
24 39 10
24 44 21
24 46 5
24 47 7
24 48 13
24 49 14
24 50 3
24 52 20
24 53 15
24 54 17
24 55 6
24 56 1
24 62 6
24 67 5
24 69 4
24 73 1
24 74 4
24 75 3
24 78 20
24 79 3
24 80 2
24 82 21
24 83 20
24 85 18
24 86 2
24 88 1
24 91 17
24 96 6
24 98 13
24 99 7
25 27 12
25 30 19
25 32 9
25 34 21
25 39 19
25 42 4
25 45 13
25 47 5
25 48 1
25 49 11
25 50 18
25 51 12
25 52 12
25 55 13
25 56 7
25 58 19
25 59 7
25 62 16
25 65 1
25 69 8
25 71 18
25 72 21
25 73 16
25 74 4
25 76 13
25 77 11
25 86 15
25 87 13
25 88 6
25 90 1
25 91 9
25 92 14
25 93 10
25 95 10
25 97 12
25 98 12
25 99 14
26 27 7
26 28 6
26 29 11
26 33 8
26 34 16
26 36 16
26 38 6
26 40 14
26 42 15
26 43 3
26 47 9
26 49 18
26 51 14
26 53 21
26 56 7
26 57 10
26 59 5
26 60 13
26 61 18
26 62 5
26 63 8
26 65 19
26 69 1
26 71 12
26 72 4
26 73 13
26 74 9
26 75 9
26 79 13
26 80 19
26 84 4
26 86 6
26 87 7
26 88 3
26 93 19
26 94 20
26 95 7
27 28 7
27 29 14
27 30 10
27 32 7
27 34 10
27 35 14
27 36 16
27 37 5
27 39 6
27 40 7
27 41 9
27 42 6
27 43 1
27 45 21
27 47 13
27 48 18
27 50 17
27 51 21
27 52 8
27 55 18
27 57 14
27 59 17
27 60 21
27 61 20
27 62 10
27 63 15
27 68 10
27 72 8
27 73 18
27 75 20
27 76 19
27 78 19
27 79 3
27 80 2
27 82 15
27 83 12
27 86 8
27 88 10
27 89 3
27 90 4
27 94 9
27 95 1
27 96 14
27 98 14
27 99 18
28 29 20
28 31 11
28 33 17
28 34 17
28 35 11
28 37 21
28 39 11
28 40 21
28 42 20
28 45 18
28 46 10
28 47 7
28 49 17
28 51 4
28 52 1
28 53 20
28 58 5
28 59 6
28 60 13
28 61 11
28 62 10
28 64 13
28 66 15
28 68 4
28 69 19
28 71 3
28 72 2
28 76 7
28 77 20
28 83 17
28 86 16
28 87 9
28 90 5
28 91 17
28 95 15
28 96 17
28 98 15
28 99 13
29 30 11
29 39 9
29 40 2
29 42 13
29 45 1
29 46 11
29 48 3
29 49 16
29 50 7
29 52 7
29 53 4
29 55 17
29 58 18
29 59 6
29 61 16
29 65 19
29 66 9
29 67 7
29 68 5
29 69 2
29 70 19
29 71 17
29 72 10
29 73 17
29 75 11
29 76 2
29 77 16
29 80 6
29 83 6
29 84 19
29 85 20
29 89 5
29 90 19
29 92 13
29 94 20
29 95 19
29 96 20
29 97 4
29 98 15
29 99 15
30 31 19
30 32 13
30 35 15
30 37 4
30 38 8
30 39 8
30 41 20
30 43 8
30 44 1
30 46 10
30 50 12
30 59 17
30 61 20
30 62 4
30 64 9
30 66 14
30 69 9
30 71 17
30 74 2
30 77 11
30 81 13
30 83 3
30 84 17
30 85 19
30 87 8
30 91 8
30 92 4
30 93 21
30 96 20
30 97 4
30 98 21
31 32 9
31 34 11
31 36 16
31 37 2
31 38 18
31 39 19
31 41 4
31 43 14
31 44 10
31 46 11
31 47 13
31 51 5
31 52 15
31 53 15
31 54 2
31 57 10
31 58 14
31 59 17
31 60 12
31 64 19
31 70 8
31 71 2
31 75 12
31 79 7
31 80 15
31 81 11
31 83 9
31 86 9
31 89 19
31 90 14
31 91 18
31 93 15
31 97 19
31 99 6
32 36 19
32 39 6
32 40 5
32 43 17
32 45 9
32 48 14
32 49 3
32 52 5
32 53 12
32 57 17
32 58 4
32 59 12
32 61 8
32 62 17
32 64 10
32 65 14
32 68 3
32 71 14
32 72 19
32 73 20
32 75 15
32 78 6
32 82 17
32 85 3
32 86 16
32 87 6
32 88 1
32 90 10
32 91 9
32 96 18
32 99 9
33 35 12
33 39 15
33 41 5
33 44 19
33 46 16
33 48 12
33 50 13
33 51 5
33 56 7
33 57 3
33 59 20
33 63 11
33 65 4
33 70 6
33 73 12
33 74 3
33 76 16
33 80 1
33 84 3
33 85 8
33 86 1
33 89 8
33 91 4
33 93 1
33 95 15
33 96 15
33 97 11
33 98 17
34 36 20
34 38 18
34 39 5
34 41 17
34 42 17
34 43 2
34 44 11
34 45 11
34 47 19
34 49 18
34 50 7
34 52 9
34 57 21
34 60 14
34 61 2
34 63 14
34 64 19
34 67 6
34 68 12
34 74 13
34 76 20
34 77 3
34 81 9
34 83 17
34 84 20
34 87 1
34 88 6
34 94 12
34 96 10
34 97 15
35 37 15
35 38 21
35 40 8
35 42 21
35 45 11
35 48 10
35 50 11
35 51 14
35 55 9
35 58 18
35 59 14
35 60 11
35 61 7
35 64 9
35 66 14
35 67 2
35 70 2
35 72 20
35 73 3
35 75 15
35 76 6
35 78 10
35 80 3
35 81 8
35 83 5
35 84 5
35 85 13
35 89 3
35 91 4
35 92 15
35 95 5
35 96 10
35 97 9
35 99 19
36 37 21
36 39 19
36 46 10
36 50 7
36 52 21
36 54 2
36 58 12
36 62 11
36 63 13
36 68 10
36 70 3
36 73 14
36 75 9
36 79 1
36 82 17
36 83 1
36 84 3
36 86 16
36 88 10
36 91 18
36 92 1
36 95 10
36 97 2
36 98 3
36 99 16
37 38 10
37 39 20
37 40 18
37 42 19
37 43 20
37 44 7
37 45 10
37 46 8
37 48 7
37 53 17
37 55 1
37 59 12
37 60 1
37 65 3
37 67 10
37 68 20
37 70 10
37 72 17
37 74 5
37 77 20
37 78 13
37 82 15
37 83 5
37 86 18
37 88 17
37 90 18
37 92 21
37 98 7
37 99 21
38 39 21
38 40 5
38 41 6
38 43 10
38 45 11
38 49 8
38 50 21
38 51 6
38 52 4
38 54 9
38 58 18
38 59 2
38 60 21
38 61 17
38 62 21
38 68 12
38 70 14
38 75 7
38 76 20
38 79 19
38 82 8
38 87 21
38 91 1
38 92 2
38 93 7
38 94 10
38 96 14
38 97 4
38 98 2
38 99 3
39 42 18
39 46 4
39 47 18
39 49 6
39 51 19
39 52 1
39 55 16
39 57 20
39 61 1
39 63 2
39 64 10
39 65 12
39 66 17
39 70 5
39 72 1
39 73 11
39 76 3
39 77 12
39 78 11
39 80 5
39 83 2
39 87 21
39 91 7
39 92 20
39 93 1
39 94 20
39 96 6
39 99 20
40 41 16
40 42 21
40 44 8
40 45 11
40 46 11
40 50 19
40 52 5
40 55 5
40 58 7
40 62 16
40 63 17
40 68 3
40 70 6
40 74 13
40 77 1
40 81 11
40 82 7
40 83 10
40 84 18
40 85 16
40 89 13
40 91 1
40 93 8
40 94 19
40 96 2
40 98 14
41 43 19
41 44 9
41 45 2
41 46 3
41 49 16
41 51 1
41 53 12
41 54 19
41 55 15
41 58 13
41 60 16
41 61 18
41 62 3
41 65 15
41 66 4
41 68 8
41 70 15
41 73 15
41 74 7
41 75 17
41 76 15
41 77 9
41 78 9
41 79 11
41 80 10
41 84 7
41 86 1
41 87 15
41 89 4
41 90 3
41 92 7
41 95 11
41 98 7
42 43 12
42 45 6
42 46 16
42 48 1
42 50 1
42 52 11
42 56 4
42 57 18
42 58 16
42 60 14
42 62 17
42 63 17
42 64 16
42 67 3
42 72 7
42 74 20
42 78 17
42 81 20
42 82 19
42 83 6
42 88 21
42 89 8
42 90 18
42 91 13
42 92 13
42 93 13
42 96 9
42 97 17
42 98 5
43 45 15
43 46 20
43 48 9
43 49 3
43 50 7
43 51 14
43 52 6
43 55 2
43 56 8
43 58 15
43 61 5
43 62 14
43 63 8
43 65 21
43 68 15
43 70 15
43 71 10
43 72 9
43 75 7
43 76 7
43 81 13
43 82 20
43 85 3
43 86 7
43 89 12
43 90 20
43 94 18
43 97 6
43 98 13
43 99 9
44 45 16
44 52 3
44 54 10
44 56 11
44 57 4
44 59 11
44 60 5
44 62 9
44 64 8
44 65 12
44 68 18
44 69 21
44 70 10
44 72 7
44 76 18
44 83 10
44 84 6
44 87 9
44 88 13
44 89 11
44 90 16
44 92 14
44 96 5
44 97 17
44 99 12
45 46 6
45 50 21
45 57 3
45 58 12
45 59 5
45 62 19
45 63 15
45 64 7
45 65 12
45 67 14
45 68 16
45 71 10
45 74 6
45 75 8
45 77 14
45 78 8
45 79 7
45 80 18
45 81 9
45 82 17
45 83 1
45 85 11
45 91 11
45 94 12
45 95 4
45 96 16
45 98 1
45 99 19
46 52 16
46 53 15
46 54 18
46 56 11
46 57 11
46 59 10
46 61 17
46 63 16
46 64 1
46 65 8
46 66 19
46 67 13
46 69 2
46 73 18
46 76 16
46 79 7
46 81 17
46 82 18
46 84 2
46 86 4
46 87 21
46 88 15
46 89 3
46 91 9
46 93 14
46 94 15
46 95 2
47 52 1
47 54 7
47 55 10
47 57 14
47 61 13
47 62 3
47 64 21
47 66 12
47 67 7
47 68 16
47 69 8
47 70 17
47 74 13
47 75 6
47 76 12
47 77 20
47 78 21
47 79 10
47 81 19
47 83 19
47 84 7
47 93 1
47 95 6
47 96 15
47 97 18
47 99 14
48 50 3
48 52 8
48 53 15
48 57 18
48 58 16
48 60 18
48 61 18
48 62 3
48 67 3
48 70 9
48 71 13
48 74 11
48 76 8
48 78 13
48 79 19
48 81 5
48 82 6
48 88 2
48 90 4
48 91 18
48 92 6
48 94 11
48 95 16
48 96 13
48 97 1
48 99 15
49 53 4
49 54 15
49 59 4
49 63 6
49 64 21
49 65 2
49 66 17
49 68 21
49 72 2
49 74 11
49 75 8
49 76 5
49 78 13
49 81 8
49 82 13
49 85 8
49 90 17
49 91 2
49 93 21
49 94 11
49 95 14
49 97 4
49 98 18
50 51 5
50 52 2
50 56 8
50 60 7
50 61 19
50 62 3
50 65 14
50 66 5
50 67 17
50 71 1
50 73 3
50 74 8
50 79 18
50 80 21
50 82 9
50 84 7
50 85 7
50 87 13
50 90 13
50 95 21
50 96 15
51 53 16
51 55 20
51 56 9
51 58 10
51 59 12
51 60 8
51 62 20
51 63 1
51 64 11
51 65 15
51 70 20
51 71 20
51 78 7
51 79 13
51 80 20
51 84 11
51 85 11
51 86 15
51 89 6
51 92 18
51 93 3
51 95 11
51 99 12
52 54 10
52 55 4
52 57 15
52 58 5
52 61 2
52 63 4
52 65 20
52 66 21
52 67 9
52 70 11
52 80 4
52 81 2
52 82 10
52 84 2
52 85 7
52 92 8
52 94 13
52 96 17
52 98 4
53 54 19
53 55 6
53 56 15
53 57 12
53 58 11
53 60 2
53 63 21
53 64 5
53 66 11
53 67 12
53 68 14
53 69 8
53 70 21
53 71 7
53 72 16
53 74 1
53 75 15
53 78 6
53 80 8
53 81 17
53 82 2
53 83 9
53 84 4
53 86 12
53 87 6
53 88 1
53 89 1
53 91 7
53 94 9
53 98 19
54 55 15
54 56 8
54 65 2
54 68 12
54 72 11
54 73 3
54 76 11
54 77 21
54 78 8
54 80 14
54 81 5
54 82 12
54 83 17
54 85 5
54 86 1
54 87 12
54 88 10
54 89 15
54 90 8
54 92 15
54 93 20
54 94 4
54 95 10
54 96 19
54 97 18
54 98 9
54 99 16
55 58 12
55 60 19
55 61 8
55 62 1
55 63 2
55 64 12
55 66 10
55 69 7
55 71 7
55 73 12
55 76 14
55 77 4
55 78 21
55 80 3
55 82 6
55 85 14
55 86 17
55 88 16
55 89 18
55 90 7
55 92 7
55 94 16
55 98 10
56 61 8
56 64 5
56 65 2
56 66 15
56 68 14
56 69 4
56 70 21
56 73 9
56 74 5
56 79 16
56 80 16
56 81 7
56 82 1
56 83 21
56 84 4
56 85 11
56 87 1
56 93 14
56 95 10
56 96 18
56 98 4
57 58 15
57 59 8
57 61 13
57 64 8
57 65 17
57 66 21
57 70 1
57 71 3
57 73 16
57 76 16
57 77 20
57 78 14
57 82 15
57 84 1
57 85 6
57 87 7
57 89 4
57 90 19
57 92 10
57 93 12
57 94 4
57 96 13
57 99 18
58 61 18
58 64 1
58 65 17
58 67 20
58 72 14
58 73 5
58 74 18
58 75 4
58 76 18
58 80 3
58 81 13
58 83 4
58 84 9
58 86 6
58 87 6
58 89 4
58 92 6
58 93 18
58 95 18
58 96 10
58 97 12
58 98 5
59 62 20
59 63 4
59 72 1
59 75 21
59 76 6
59 78 5
59 80 21
59 81 14
59 82 13
59 85 19
59 87 1
59 92 5
59 96 3
59 97 10
59 99 11
60 61 3
60 62 5
60 67 1
60 72 13
60 76 2
60 83 18
60 86 12
60 87 10
60 90 18
60 91 16
60 94 3
60 96 14
60 97 11
60 98 21
60 99 2
61 62 12
61 64 13
61 65 8
61 68 4
61 69 6
61 70 18
61 75 15
61 78 13
61 79 13
61 81 15
61 82 10
61 83 18
61 84 19
61 85 8
61 86 10
61 87 18
61 88 2
61 89 11
61 90 7
61 91 13
61 93 15
61 94 3
61 97 7
62 66 21
62 71 8
62 76 16
62 77 16
62 78 5
62 79 19
62 81 5
62 82 12
62 84 18
62 85 8
62 86 6
62 87 13
62 88 12
62 92 21
62 97 15
62 99 16
63 64 6
63 67 9
63 68 13
63 69 10
63 70 11
63 71 13
63 74 8
63 76 10
63 78 4
63 80 5
63 84 18
63 85 13
63 86 21
63 88 18
63 89 17
63 91 12
63 93 8
63 94 2
63 95 11
63 96 20
63 99 18
64 69 4
64 71 9
64 72 7
64 73 18
64 76 1
64 77 13
64 79 12
64 80 21
64 81 17
64 82 11
64 85 11
64 89 3
64 91 3
64 93 9
64 95 15
64 97 9
64 98 20
64 99 21
65 68 9
65 70 21
65 71 17
65 72 3
65 77 18
65 78 3
65 83 13
65 85 3
65 86 18
65 87 14
65 90 19
65 92 2
65 96 1
65 97 9
65 98 14
66 68 10
66 69 4
66 73 6
66 75 5
66 77 7
66 81 5
66 87 2
66 89 20
66 90 9
66 93 1
66 97 14
66 99 19
67 69 10
67 70 1
67 73 7
67 74 9
67 79 17
67 83 8
67 84 8
67 85 6
67 86 5
67 87 15
67 88 14
67 89 10
67 90 18
67 93 4
67 96 9
67 97 8
67 98 6
67 99 10
68 71 21
68 73 8
68 74 21
68 75 3
68 76 5
68 77 14
68 81 9
68 82 16
68 83 2
68 84 4
68 85 7
68 86 20
68 87 6
68 90 3
68 92 10
68 93 10
68 94 18
68 96 6
68 97 17
68 98 20
68 99 17
69 74 12
69 76 9
69 80 3
69 81 17
69 82 12
69 83 1
69 84 6
69 88 7
69 89 19
69 91 2
69 93 15
69 94 6
69 97 11
69 98 3
70 75 11
70 76 7
70 77 17
70 79 17
70 81 15
70 83 16
70 84 18
70 85 20
70 87 5
70 89 20
70 95 1
70 97 7
70 98 20
71 74 15
71 76 1
71 77 20
71 78 14
71 79 1
71 80 7
71 82 10
71 84 1
71 86 7
71 90 9
71 91 1
71 96 16
71 97 5
71 98 20
72 73 19
72 74 10
72 76 3
72 77 12
72 78 9
72 80 16
72 82 2
72 83 8
72 85 20
72 88 7
72 91 2
72 92 16
72 98 5
73 75 11
73 76 18
73 78 15
73 79 7
73 81 10
73 84 10
73 85 1
73 89 12
73 91 14
73 94 14
73 95 3
73 98 6
74 78 5
74 79 14
74 80 17
74 81 4
74 83 20
74 86 1
74 87 10
74 88 21
74 89 20
74 90 4
74 91 3
74 93 19
74 96 1
74 97 5
74 99 14
75 77 14
75 80 6
75 81 16
75 82 19
75 85 14
75 87 5
75 89 10
75 94 20
75 99 2
76 77 11
76 78 12
76 79 20
76 85 7
76 86 1
76 89 5
76 90 6
76 91 15
76 92 13
76 94 1
76 96 20
76 98 18
77 78 21
77 79 10
77 80 14
77 82 13
77 83 17
77 86 7
77 87 13
77 89 17
77 93 1
77 94 2
77 95 18
77 96 5
77 97 10
78 82 5
78 84 2
78 85 20
78 87 16
78 90 14
78 91 6
78 92 10
78 93 3
78 95 1
78 96 5
79 80 17
79 81 16
79 85 1
79 87 10
79 91 4
79 94 9
79 98 17
79 99 2
80 85 15
80 88 18
80 91 5
80 92 16
80 95 5
80 98 18
81 86 17
81 87 13
81 88 12
81 89 3
81 92 9
81 93 7
82 83 16
82 85 19
82 86 21
82 87 11
82 89 16
82 99 15
83 86 19
83 87 5
83 90 14
83 93 3
83 95 15
83 99 20
84 85 16
84 87 14
84 93 14
85 86 8
85 87 2
85 89 12
85 90 21
85 92 5
85 93 7
85 95 13
85 96 9
85 98 15
86 87 16
86 92 9
86 93 7
86 97 11
87 90 10
87 91 7
87 95 21
87 96 11
87 99 3
88 89 2
88 90 13
88 91 2
88 94 13
88 95 14
88 96 11
88 97 20
88 98 18
89 94 2
89 96 8
89 98 18
89 99 8
90 91 5
90 98 14
90 99 19
91 93 6
91 94 13
91 95 9
92 94 13
92 95 20
92 96 8
92 97 1
92 99 19
93 95 11
93 98 16
93 99 14
94 95 18
94 96 1
95 98 10
96 98 18
96 99 6
4 7 72
4 21 67
6 33 52
7 48 79
15 46 40
25 17 26
28 63 7
30 39 38
34 60 93
35 54 51
36 91 66
48 53 19
54 16 37
73 8 85
78 1 75
81 0 65
81 49 57
83 88 91
87 43 55
89 98 94
89 35 41
96 97 7
97 23 84
100 38 5
