1000 5000 10 21
305 332 43 769 951 643 418 778 763 944 966 35 767 861 344 386 801 209 39 633 537
730 897 14
730 910 4
730 58 4
730 828 2
730 896 21
730 827 17
730 447 11
730 442 13
730 906 18
730 66 10
897 484 21
897 325 12
897 813 21
897 594 6
897 63 1
897 674 17
897 293 12
897 95 20
897 638 4
399 797 7
399 920 18
399 285 10
399 840 19
399 62 20
399 536 11
399 822 6
399 704 7
399 796 3
399 743 20
797 570 18
797 722 14
797 756 19
797 537 16
797 309 7
797 595 12
797 510 10
797 319 15
797 182 9
586 623 18
586 805 20
586 256 15
586 423 17
586 955 22
586 232 6
586 778 3
586 591 1
586 73 16
586 156 20
623 762 16
623 874 21
623 684 21
623 247 4
623 919 17
623 690 8
623 529 5
623 959 17
623 373 15
498 510 13
498 499 19
498 516 19
498 792 16
498 849 7
498 611 10
498 389 13
498 654 6
498 60 8
498 22 20
510 305 21
510 955 10
510 35 5
510 331 12
510 129 20
510 258 11
510 423 6
510 844 16
346 907 14
346 840 2
346 279 9
346 756 1
346 292 4
346 947 12
346 449 12
346 26 7
346 672 18
346 90 8
907 559 11
907 215 8
907 511 3
907 944 6
907 801 18
907 702 14
907 724 1
907 769 17
907 99 10
197 518 21
197 289 9
197 821 4
197 275 7
197 209 21
197 765 4
197 605 12
197 224 2
197 349 6
197 782 21
518 0 22
518 742 22
518 174 2
518 500 17
518 965 12
518 767 21
518 137 4
518 86 14
518 746 6
289 349 11
289 251 5
289 537 3
289 460 6
289 770 6
289 688 1
289 936 13
289 509 22
289 303 10
559 939 18
559 630 19
559 352 14
559 801 7
559 926 12
559 508 18
559 855 14
559 426 1
559 663 11
383 910 10
383 430 2
383 553 11
383 148 6
383 633 21
383 352 6
383 120 12
383 801 1
383 682 3
383 292 16
910 413 2
910 718 17
910 420 22
910 780 20
910 10 10
910 986 5
910 987 10
910 687 3
149 743 11
149 756 18
149 314 4
149 9 21
149 599 2
149 4 14
149 154 9
149 206 9
149 395 22
149 515 18
743 932 22
743 934 3
743 980 7
743 73 9
743 556 8
743 318 12
743 404 10
743 651 16
765 975 19
765 35 4
765 642 11
765 230 12
765 366 11
765 222 3
765 33 10
765 551 8
765 74 13
975 44 7
975 261 3
975 938 13
975 52 18
975 359 11
975 501 22
975 125 21
975 953 22
975 139 4
382 456 17
382 374 10
382 916 21
382 911 6
382 851 15
382 413 10
382 335 8
382 888 6
382 949 1
382 762 5
456 583 7
456 505 9
456 639 18
456 872 1
456 184 7
456 177 10
456 109 17
456 890 5
456 58 3
327 520 8
327 762 18
327 757 6
327 26 6
327 127 1
327 291 22
327 859 9
327 6 10
327 717 9
327 448 20
520 432 10
520 39 20
520 121 19
520 396 14
520 551 3
520 929 10
520 13 15
520 433 9
520 312 5
579 741 10
579 857 15
579 504 18
579 240 15
579 882 12
579 561 3
579 885 8
579 362 6
579 247 9
579 13 8
741 490 13
741 811 16
741 156 13
741 116 17
741 931 3
741 260 20
741 111 8
741 486 16
741 97 14
436 921 9
436 89 15
436 550 13
436 364 8
436 9 10
436 774 1
436 429 16
436 753 3
436 506 2
436 158 3
921 488 12
921 799 22
921 994 17
921 314 22
921 150 1
921 70 13
921 53 5
921 328 13
921 404 6
193 934 14
193 802 17
193 938 3
193 302 14
193 491 14
193 603 21
193 736 16
193 522 8
193 885 9
193 634 22
934 85 15
934 997 10
934 144 5
934 547 22
934 60 9
934 84 11
934 759 17
934 842 19
301 733 19
301 666 4
301 265 7
301 140 16
301 463 18
301 959 20
301 759 2
301 939 20
301 105 15
301 637 8
733 152 4
733 167 1
733 278 4
733 685 20
733 604 10
733 630 6
733 734 9
733 544 16
733 678 10
320 746 5
320 425 17
320 869 15
320 248 7
320 69 18
320 276 19
320 704 16
320 311 21
320 128 18
320 949 1
746 122 5
746 287 13
746 247 4
746 700 16
746 830 2
746 331 19
746 987 5
746 861 2
256 990 20
256 13 13
256 340 1
256 90 13
256 951 17
256 471 19
256 316 13
256 989 21
256 612 7
990 58 6
990 299 13
990 238 4
990 617 7
990 477 12
990 848 1
990 931 20
990 365 5
990 972 15
465 575 5
465 522 1
465 829 20
465 701 14
465 203 4
465 813 20
465 158 12
465 842 1
465 309 12
465 901 20
575 899 18
575 471 6
575 535 4
575 122 13
575 506 5
575 491 12
575 94 1
575 43 19
575 983 11
704 857 8
704 25 11
704 964 4
704 660 13
704 407 10
704 79 10
704 232 3
704 611 2
857 643 1
857 983 7
857 354 14
857 393 13
857 129 14
857 964 12
857 388 6
857 834 17
349 391 11
349 808 18
349 946 1
349 176 17
349 232 10
349 330 3
349 325 18
349 206 18
662 860 6
662 685 1
662 973 1
662 920 13
662 966 20
662 836 19
662 893 9
662 350 5
662 753 16
662 4 6
860 810 22
860 883 1
860 755 6
860 576 5
860 928 12
860 669 10
860 76 6
860 219 16
860 545 2
354 515 13
354 946 10
354 310 12
354 503 6
354 112 20
354 428 10
354 223 15
354 453 9
354 936 21
515 444 2
515 665 17
515 285 15
515 184 4
515 478 20
515 191 2
515 225 12
515 607 17
151 415 2
151 404 19
151 824 1
151 84 4
151 752 16
151 499 6
151 512 3
151 426 15
151 343 10
151 356 12
415 378 17
415 385 10
415 578 5
415 113 5
415 137 22
415 5 18
415 144 6
415 25 20
415 576 16
472 507 19
472 419 16
472 606 8
472 671 2
472 785 16
472 721 4
472 161 14
472 891 17
472 699 6
472 325 14
507 694 4
507 37 17
507 437 16
507 717 4
507 323 11
507 855 21
507 958 11
507 207 8
507 274 6
12 751 12
12 10 9
12 319 18
12 66 12
12 620 11
12 866 12
12 98 11
12 731 12
12 532 12
12 754 20
751 837 7
751 841 21
751 717 15
751 823 21
751 32 16
751 133 7
751 661 14
751 107 11
751 373 16
480 856 21
480 73 2
480 63 5
480 616 1
480 200 22
480 324 19
480 619 14
480 139 4
480 105 3
480 397 1
856 983 3
856 457 22
856 57 11
856 110 16
856 607 17
856 538 12
856 949 5
856 11 15
856 801 11
756 747 10
756 49 11
756 977 6
756 283 21
756 377 19
756 24 1
756 384 21
83 402 18
83 138 7
83 448 15
83 881 13
83 269 5
83 619 15
83 244 12
83 420 10
83 418 6
83 277 11
402 81 6
402 918 20
402 657 12
402 516 18
402 531 21
402 775 9
402 896 19
402 686 8
402 446 10
762 410 10
762 336 16
762 205 21
762 727 17
762 8 2
762 521 15
762 708 18
146 687 11
146 621 16
146 867 8
146 981 19
146 615 12
146 651 20
146 772 9
146 119 12
146 206 14
146 698 16
687 150 7
687 114 20
687 7 21
687 663 22
687 312 11
687 572 13
687 98 5
687 433 13
25 397 15
25 888 15
25 703 3
25 484 4
25 728 7
25 15 16
25 46 6
25 593 9
397 726 5
397 519 12
397 41 15
397 637 5
397 991 21
397 481 6
397 77 10
397 832 16
104 461 19
104 333 15
104 685 2
104 981 17
104 787 20
104 285 3
104 300 18
104 718 7
104 605 4
104 847 2
461 693 19
461 679 20
461 429 1
461 724 3
461 543 5
461 63 15
461 299 15
461 361 18
461 830 20
475 862 16
475 560 9
475 922 7
475 722 3
475 75 21
475 24 22
475 284 21
475 830 19
475 19 14
475 2 13
862 75 22
862 186 8
862 680 3
862 899 13
862 358 16
862 220 16
862 459 1
862 57 17
862 974 3
34 631 5
34 637 19
34 628 9
34 388 5
34 867 19
34 745 1
34 243 3
34 152 12
34 587 5
34 400 21
631 236 5
631 72 11
631 839 17
631 761 2
631 82 16
631 612 12
631 63 13
631 108 5
631 606 10
226 572 12
226 626 17
226 509 13
226 997 15
226 979 15
226 490 21
226 26 11
226 841 3
226 114 17
226 217 18
572 516 11
572 272 1
572 635 12
572 624 18
572 989 21
572 469 14
572 423 8
572 91 13
419 115 12
419 944 18
419 322 6
419 73 11
419 613 16
419 784 20
419 409 17
419 537 13
419 479 4
1 201 3
1 986 1
1 185 1
1 490 10
1 540 9
1 674 4
1 407 20
1 954 21
1 283 19
1 754 20
201 314 21
201 557 20
201 99 16
201 482 1
201 290 22
201 217 17
201 705 5
201 639 19
201 67 18
59 408 5
59 786 20
59 660 12
59 396 4
59 695 20
59 147 16
59 511 17
59 808 20
59 906 8
59 23 13
408 93 20
408 905 15
408 215 22
408 801 18
408 669 14
408 714 19
408 648 19
408 759 1
408 789 19
97 663 9
97 799 18
97 23 20
97 76 20
97 269 10
97 255 6
97 796 2
97 738 7
97 540 8
663 161 17
663 405 2
663 150 4
663 747 12
663 352 10
663 896 1
663 478 17
685 870 1
685 466 3
685 155 2
685 601 6
685 374 11
685 276 15
685 759 22
870 28 1
870 858 9
870 190 19
870 853 6
870 57 1
870 205 13
870 228 11
870 616 14
870 348 16
303 768 15
303 640 8
303 158 3
303 767 3
303 769 1
303 641 8
303 935 11
303 721 7
303 951 18
768 978 16
768 984 15
768 291 8
768 968 20
768 496 14
768 842 3
768 161 16
768 540 19
768 285 19
564 809 15
564 421 21
564 370 11
564 445 12
564 332 20
564 898 5
564 311 10
564 902 13
564 880 1
564 831 4
809 158 4
809 293 17
809 95 17
809 377 18
809 407 6
809 925 11
809 872 6
809 271 16
809 519 14
44 773 19
44 592 21
44 409 22
44 569 17
44 261 19
44 333 19
44 926 5
44 551 11
44 463 22
773 27 4
773 848 18
773 175 4
773 471 8
773 640 16
773 417 8
773 260 9
773 384 4
773 565 19
32 719 7
32 411 18
32 628 15
32 671 2
32 426 16
32 483 12
32 852 14
32 652 2
32 106 13
719 661 4
719 191 8
719 304 6
719 451 13
719 522 12
719 254 1
719 46 11
719 657 3
719 879 1
379 763 2
379 637 15
379 438 2
379 385 19
379 440 8
379 179 19
379 913 19
379 891 6
379 519 9
379 653 17
763 878 17
763 729 20
763 252 14
763 444 15
763 224 16
763 979 21
763 514 20
763 840 20
763 116 5
90 660 16
90 208 1
90 584 9
90 819 18
90 249 15
90 378 4
90 620 7
90 531 5
660 120 2
660 566 11
660 497 19
660 821 8
660 93 8
660 693 3
660 675 7
76 496 20
76 154 3
76 398 19
76 703 6
76 280 9
76 981 10
76 18 14
76 307 2
496 655 17
496 135 22
496 150 3
496 363 18
496 523 15
496 760 13
496 120 13
496 739 12
414 986 4
414 789 17
414 417 20
414 311 18
414 542 10
414 290 20
414 202 13
414 326 14
414 409 2
414 51 11
986 468 17
986 943 22
986 92 2
986 523 8
986 502 11
986 356 5
986 884 19
276 527 7
276 410 19
276 264 17
276 154 20
276 582 9
276 609 19
276 536 13
276 725 16
527 2 17
527 713 17
527 638 19
527 167 20
527 956 22
527 198 6
527 360 14
527 693 8
527 976 15
114 199 21
114 192 16
114 315 9
114 750 2
114 752 4
114 86 1
114 313 7
114 405 5
199 95 22
199 625 2
199 253 9
199 576 11
199 310 18
199 500 22
199 543 13
199 215 1
199 833 3
647 699 18
647 297 16
647 593 1
647 304 6
647 858 10
647 807 5
647 588 18
647 131 7
647 232 20
647 37 8
699 926 20
699 791 10
699 850 8
699 185 4
699 418 4
699 967 18
699 93 18
699 470 14
437 889 7
437 183 10
437 444 14
437 874 5
437 92 7
437 139 17
437 831 20
437 69 4
437 887 9
889 446 13
889 821 18
889 966 5
889 29 10
889 430 3
889 205 7
889 972 11
889 109 14
889 886 8
3 368 9
3 602 9
3 56 20
3 953 12
3 464 16
3 895 12
3 77 15
3 899 21
3 501 11
3 628 12
368 418 8
368 965 15
368 771 9
368 261 5
368 38 1
368 136 2
368 869 22
368 816 9
368 607 7
932 460 10
932 754 17
932 848 2
932 178 16
932 425 18
932 251 14
932 330 10
932 481 1
932 328 13
544 722 2
544 937 9
544 183 1
544 567 18
544 930 21
544 229 16
544 726 8
544 776 5
544 793 1
722 493 7
722 387 8
722 545 21
722 288 18
722 390 11
722 838 1
722 881 18
53 899 8
53 648 21
53 153 14
53 936 21
53 372 19
53 293 8
53 163 16
53 352 3
53 655 17
899 590 3
899 987 14
899 131 12
899 87 22
899 95 5
899 425 14
750 827 18
750 394 21
750 329 1
750 485 3
750 532 19
750 221 1
750 846 10
750 655 7
750 999 3
827 250 14
827 142 6
827 447 20
827 790 3
827 776 22
827 576 14
827 766 7
827 47 17
120 386 4
120 789 13
120 804 21
120 608 18
120 344 7
120 656 4
120 713 4
317 945 17
317 125 6
317 40 5
317 854 12
317 347 10
317 731 14
317 78 21
317 642 7
317 45 5
317 311 4
945 232 16
945 879 2
945 337 15
945 812 6
945 758 16
945 94 19
945 953 21
945 787 21
945 604 4
124 779 15
124 286 5
124 712 21
124 205 18
124 209 21
124 440 13
124 268 1
124 567 21
124 54 5
124 185 22
779 672 18
779 457 2
779 387 14
779 937 1
779 171 17
779 757 21
779 357 13
779 287 6
779 796 22
425 937 14
425 309 22
425 148 9
425 656 6
425 906 14
425 831 20
425 833 19
108 542 13
108 918 8
108 113 5
108 219 3
108 196 21
108 363 3
108 985 21
108 536 17
108 111 20
542 241 7
542 439 10
542 214 18
542 581 11
542 28 15
542 443 12
542 395 13
542 380 22
314 15 6
314 778 14
314 355 11
314 724 13
314 838 2
314 580 14
314 373 18
976 995 22
976 381 13
976 783 8
976 338 18
976 132 6
976 162 18
976 590 12
976 497 19
976 106 5
995 717 11
995 138 6
995 96 7
995 748 2
995 150 2
995 790 13
995 665 12
995 616 7
995 744 8
152 227 17
152 395 17
152 210 13
152 696 5
152 451 12
152 86 7
152 627 3
152 266 16
95 38 5
95 432 8
95 487 6
95 227 12
95 213 4
95 283 6
430 943 4
430 198 6
430 101 4
430 923 10
430 553 2
430 777 3
430 401 22
430 952 19
943 460 5
943 147 2
943 929 2
943 449 18
943 411 9
943 584 15
943 405 9
943 186 19
541 959 1
541 642 2
541 500 8
541 568 20
541 915 14
541 970 3
541 554 14
541 272 5
541 508 8
541 830 3
959 876 5
959 904 7
959 800 14
959 598 7
959 582 17
959 597 16
959 492 11
148 210 18
148 344 11
148 885 20
148 757 2
148 563 12
148 810 8
148 411 1
148 158 3
210 159 9
210 157 13
210 596 21
210 168 1
210 426 5
210 180 2
210 562 1
210 377 12
122 546 22
122 251 16
122 535 22
122 655 14
122 107 2
122 558 12
122 740 18
122 302 12
119 448 12
119 371 18
119 954 8
119 769 6
119 890 15
119 153 6
119 39 16
119 207 5
119 328 2
448 345 11
448 778 9
448 645 6
448 17 8
448 130 7
448 88 2
448 423 3
99 964 10
99 282 2
99 650 7
99 322 2
99 315 2
99 10 18
99 239 13
99 364 11
964 48 16
964 938 11
964 438 20
964 110 21
964 194 15
964 985 6
964 680 16
179 435 21
179 615 10
179 929 8
179 596 18
179 600 22
179 832 17
179 570 9
179 691 1
179 187 18
435 341 18
435 840 15
435 666 22
435 529 5
435 947 2
435 898 18
435 855 9
435 103 16
435 182 21
612 960 18
612 33 11
612 761 8
612 657 2
612 742 5
612 739 6
612 219 16
612 230 5
960 609 4
960 109 17
960 503 5
960 223 13
960 679 7
960 213 22
960 113 3
960 56 13
960 442 6
423 795 9
423 459 2
423 898 11
423 702 22
423 627 14
423 358 9
795 274 12
795 389 12
795 87 15
795 91 3
795 170 17
795 54 16
795 525 2
795 577 13
795 78 3
490 996 18
490 239 18
490 997 11
490 502 5
490 858 13
490 55 21
490 6 19
28 158 18
28 334 20
28 703 1
28 669 15
28 233 3
28 360 18
28 859 21
28 464 1
158 734 1
158 166 3
158 546 2
158 8 13
225 672 8
225 740 3
225 429 18
225 618 20
225 128 21
225 275 19
225 49 7
225 218 1
225 16 7
672 57 2
672 405 8
672 883 22
672 555 6
672 812 5
672 230 17
672 982 20
255 551 8
255 9 14
255 731 11
255 250 12
255 684 9
255 497 10
255 930 13
255 558 6
255 75 7
551 721 17
551 844 15
551 385 6
551 84 2
551 690 2
551 265 22
48 221 3
48 344 19
48 546 14
48 537 19
48 209 22
48 700 15
48 732 20
48 670 14
48 241 22
221 459 1
221 337 19
221 45 1
221 73 3
221 39 19
221 521 20
221 486 13
221 169 15
213 325 22
213 505 19
213 439 6
213 791 18
213 130 12
213 835 3
213 770 3
213 873 20
325 260 12
325 656 9
325 834 17
325 950 10
325 298 9
325 64 19
75 620 21
75 972 11
75 21 2
75 476 10
75 706 20
75 584 7
75 691 18
620 211 18
620 998 8
620 879 14
620 922 13
620 185 9
620 92 6
620 451 20
111 277 5
111 30 7
111 568 20
111 823 5
111 614 9
111 184 17
111 562 20
111 617 13
277 727 12
277 348 4
277 658 3
277 473 4
277 840 2
277 776 15
277 691 11
277 981 10
825 852 19
825 486 21
825 792 20
825 222 6
825 82 4
825 380 13
825 924 15
825 342 7
825 664 9
825 726 9
852 782 16
852 738 14
852 70 11
852 462 6
852 918 3
852 748 13
852 869 13
852 712 2
102 457 2
102 514 22
102 23 16
102 38 7
102 258 22
102 924 16
102 813 14
102 371 2
102 60 10
102 708 10
457 296 12
457 799 6
457 16 4
457 703 1
457 705 3
457 361 4
457 562 18
131 929 3
131 731 10
131 593 9
131 949 6
131 280 20
131 447 15
131 398 1
131 455 22
929 491 20
929 361 12
929 347 12
929 228 8
929 978 15
929 54 17
79 739 9
79 607 5
79 991 7
79 804 12
79 245 19
79 101 16
79 776 13
79 331 22
79 865 15
739 299 10
739 997 21
739 132 2
739 919 17
739 489 8
739 786 3
739 902 6
344 129 22
344 850 10
344 533 13
344 51 10
344 468 14
344 865 22
344 202 12
96 154 8
96 332 5
96 5 2
96 602 2
96 421 5
96 786 7
96 361 6
96 10 17
96 218 6
154 938 20
154 77 16
154 310 3
154 244 18
154 191 14
154 40 2
93 951 7
93 692 2
93 628 14
93 353 13
93 357 13
93 922 22
93 525 8
206 285 11
206 708 1
206 696 6
206 194 9
206 853 4
206 290 4
206 954 4
285 822 18
285 280 2
285 291 22
285 590 2
285 963 12
357 683 7
357 677 2
357 536 16
357 21 16
357 724 17
357 891 13
357 282 22
357 694 3
683 649 6
683 336 19
683 528 20
683 319 20
683 492 10
683 588 6
683 286 20
683 567 11
683 506 20
159 258 11
159 679 16
159 188 2
159 599 17
159 161 7
159 229 5
159 851 15
159 336 8
159 769 9
394 71 9
394 227 9
394 74 17
394 793 22
394 676 16
394 968 17
394 715 1
394 70 19
394 504 21
366 917 7
366 864 14
366 91 18
366 555 8
366 900 18
366 471 18
366 141 5
366 836 18
366 209 17
917 459 11
917 863 11
917 902 2
917 521 18
917 98 14
917 62 13
917 474 10
917 270 8
917 526 13
918 706 20
918 473 12
918 720 4
918 999 7
918 297 3
918 980 6
918 207 8
204 626 4
204 190 8
204 922 13
204 495 7
204 220 6
204 29 18
204 4 12
204 479 9
204 661 10
204 994 13
626 758 15
626 250 13
626 578 20
626 376 21
626 310 5
626 474 14
626 807 1
626 563 6
484 909 1
484 853 13
484 791 19
484 245 4
484 887 8
484 640 12
484 629 11
484 562 2
909 395 14
909 998 17
909 389 1
909 445 21
909 805 12
909 974 19
909 879 18
909 700 7
909 709 14
85 602 19
85 72 1
85 846 6
85 478 22
85 297 22
85 288 10
85 953 11
85 933 9
85 695 5
126 935 19
126 444 19
126 136 11
126 501 22
126 300 13
126 489 6
126 988 20
126 539 6
126 121 7
126 218 12
935 250 14
935 641 18
935 16 15
935 873 8
935 198 12
935 100 14
935 375 10
935 667 2
621 669 15
621 479 2
621 460 17
621 948 13
621 401 19
621 455 1
621 819 15
621 270 18
621 434 10
404 916 16
404 243 3
404 50 3
404 310 6
404 749 1
404 561 11
404 567 4
916 121 20
916 573 22
916 543 13
916 820 8
916 949 3
916 61 19
916 736 22
916 364 20
82 865 3
82 549 16
82 731 18
82 766 19
82 649 19
82 517 12
82 895 10
82 813 7
865 37 5
865 793 12
865 431 14
865 51 16
865 160 19
865 927 11
865 505 7
794 842 9
794 369 1
794 950 1
794 590 18
794 516 16
794 859 17
794 50 19
794 215 11
794 224 17
794 628 18
842 18 1
842 783 6
842 901 16
842 732 13
842 689 21
842 453 10
352 460 20
352 886 2
352 38 11
352 815 18
352 169 19
352 89 17
460 144 5
460 485 15
460 614 1
460 450 8
460 513 16
431 524 17
431 823 20
431 939 13
431 567 1
431 658 3
431 218 9
431 796 10
431 712 14
431 780 22
524 611 14
524 261 1
524 782 18
524 224 22
524 167 3
524 80 9
524 491 13
524 232 1
524 984 4
582 693 5
582 196 8
582 864 15
582 798 2
582 478 9
582 557 7
582 658 6
582 181 21
693 403 6
693 378 16
693 169 20
693 35 11
693 246 13
693 709 20
144 467 8
144 864 3
144 234 15
144 548 4
144 669 10
144 900 1
144 708 21
467 946 20
467 398 2
467 215 22
467 985 15
467 222 16
467 854 11
467 295 15
467 603 8
467 134 8
522 873 4
522 690 13
522 407 11
522 358 18
522 614 14
522 18 14
522 459 1
831 845 21
831 592 8
831 245 19
831 682 4
831 606 11
831 470 15
831 217 2
845 720 17
845 853 3
845 295 22
845 958 3
845 434 13
845 543 7
845 205 3
845 648 4
845 416 10
129 841 8
129 5 8
129 69 5
129 224 20
129 466 15
129 646 7
129 837 22
411 359 4
411 711 10
411 94 14
411 116 1
411 740 22
411 138 8
411 790 5
247 336 15
247 749 7
247 981 3
247 677 14
247 606 16
247 587 6
247 58 15
336 639 2
336 568 5
336 335 3
336 729 22
336 839 9
336 711 16
296 170 2
296 441 8
296 172 4
296 238 12
296 117 19
296 720 19
296 535 4
296 590 12
296 339 22
540 817 15
540 164 16
540 616 22
540 464 2
540 81 17
540 893 14
540 802 4
817 883 1
817 632 9
817 132 7
817 422 10
817 312 9
817 958 9
817 176 1
817 777 6
817 886 2
372 452 14
372 165 17
372 168 18
372 608 21
372 841 15
372 8 5
372 196 12
372 776 1
372 98 3
452 706 21
452 563 3
452 747 17
452 184 21
452 355 1
452 787 4
452 390 3
452 137 1
452 338 10
905 915 5
905 217 9
905 737 4
905 835 14
905 155 10
905 132 18
905 720 11
905 876 15
905 376 15
915 552 15
915 755 4
915 31 21
915 796 20
915 622 9
915 473 6
915 5 4
915 87 16
113 824 20
113 883 16
113 367 19
113 972 2
113 413 17
113 469 16
113 14 14
627 678 14
627 284 2
627 242 10
627 187 5
627 712 21
627 877 10
627 940 2
627 181 2
678 745 17
678 671 9
678 263 7
678 513 7
678 517 15
678 298 20
678 560 8
678 335 7
315 591 13
315 560 12
315 281 3
315 676 17
315 365 10
315 545 1
315 127 18
315 466 20
591 536 9
591 337 12
591 35 3
591 585 22
591 826 6
591 287 10
591 696 22
591 937 19
442 632 11
442 679 15
442 68 17
442 966 17
442 234 4
442 716 3
442 298 5
442 15 2
632 259 2
632 398 9
632 428 22
632 996 22
632 787 19
632 307 15
632 339 11
632 265 4
188 227 13
188 10 4
188 787 19
188 848 1
188 353 10
188 101 6
188 533 22
188 581 16
188 259 5
227 641 5
227 133 4
227 577 10
227 587 16
227 503 17
227 242 22
363 753 11
363 142 2
363 497 4
363 253 21
363 98 8
363 778 8
363 771 4
363 936 16
753 708 7
753 906 7
753 635 15
753 903 6
753 487 8
753 952 10
753 339 16
50 293 22
50 840 8
50 92 2
50 954 15
50 936 19
50 949 11
50 71 21
50 463 20
293 482 21
293 629 21
293 675 8
293 887 12
293 900 18
293 824 12
546 849 17
546 390 8
546 602 20
546 771 9
546 282 13
546 758 21
546 694 5
157 769 19
157 650 7
157 153 9
157 707 11
157 757 9
157 266 16
157 143 8
157 421 15
157 539 10
769 294 18
769 931 11
769 689 4
769 966 9
769 902 9
17 237 6
17 668 16
17 118 5
17 844 10
17 166 19
17 957 10
17 747 3
17 331 13
17 310 5
237 224 20
237 828 1
237 451 18
237 243 9
237 485 4
237 810 21
237 489 22
237 27 21
237 557 19
330 468 2
330 26 10
330 819 10
330 878 7
330 679 3
330 961 8
330 453 8
330 294 8
468 175 22
468 664 13
468 653 7
468 947 5
468 574 11
468 996 13
468 987 3
495 535 4
495 174 15
495 400 21
495 923 7
495 367 22
495 300 17
495 334 2
495 670 21
495 714 20
535 853 22
535 734 1
535 339 16
535 259 15
535 172 5
535 398 13
145 422 19
145 600 3
145 646 3
145 714 15
145 212 20
145 22 13
145 252 21
145 174 12
145 486 13
145 299 4
422 292 21
422 653 10
422 259 5
422 816 16
422 616 19
422 618 18
422 389 7
422 323 3
398 602 21
398 571 17
398 304 6
398 565 21
398 9 6
602 40 13
602 812 15
602 69 15
602 529 3
602 212 4
747 577 10
747 501 15
747 464 12
747 514 6
747 18 21
747 884 2
112 245 12
112 614 16
112 787 4
112 55 7
112 646 8
112 835 12
112 376 21
112 380 15
112 611 20
245 728 3
245 664 4
245 919 2
245 340 1
245 700 22
245 133 22
571 759 11
571 624 9
571 573 11
571 35 18
571 737 6
571 853 14
571 283 17
571 850 4
571 775 17
759 297 13
759 785 1
759 230 8
759 833 15
759 503 10
19 956 6
19 936 16
19 985 2
19 52 20
19 714 22
19 839 21
19 231 9
19 462 3
19 963 6
956 502 7
956 270 19
956 20 5
956 958 21
956 488 7
956 180 18
956 444 10
956 385 15
946 410 12
946 673 5
946 584 19
946 697 13
946 911 1
946 643 13
946 9 2
147 323 14
147 807 1
147 305 14
147 375 16
147 553 12
147 36 10
147 766 20
147 198 12
323 861 6
323 341 20
323 587 7
323 313 2
323 892 18
323 673 1
323 989 13
312 656 8
312 708 21
312 31 15
312 812 18
312 20 13
312 664 7
312 302 22
656 106 2
656 150 17
656 40 1
656 738 7
656 782 21
656 26 16
86 313 8
86 816 14
86 563 22
86 497 5
86 610 19
86 469 9
86 401 5
313 195 3
313 720 13
313 636 13
313 297 20
313 302 22
313 94 18
313 167 11
509 941 2
509 804 7
509 211 21
509 710 19
509 110 10
509 403 21
509 563 3
509 214 1
941 403 9
941 418 20
941 925 5
941 208 7
941 291 17
941 955 11
941 217 1
941 790 5
941 649 19
657 839 14
657 279 19
657 406 13
657 302 18
657 740 4
657 605 17
657 886 1
839 268 8
839 492 14
839 767 12
839 447 18
839 500 8
839 677 4
321 890 7
321 867 11
321 81 10
321 912 8
321 173 22
321 740 19
321 33 1
321 900 5
321 644 18
321 512 9
890 514 1
890 979 4
890 512 2
890 834 10
890 618 19
890 359 17
890 169 15
617 888 20
617 479 18
617 241 21
617 844 6
617 72 5
617 914 4
617 977 1
617 972 3
888 952 18
888 562 3
888 47 5
888 837 5
888 684 1
888 491 12
888 534 14
386 726 17
386 539 8
386 717 1
386 56 16
386 443 17
386 57 18
386 846 9
386 271 5
386 533 12
726 427 11
726 506 21
726 622 12
726 318 22
726 462 5
726 160 3
592 5 8
592 628 5
592 438 17
592 920 16
592 141 19
592 727 10
592 574 8
592 328 10
41 957 15
41 884 8
41 820 8
41 446 17
41 635 3
41 262 18
41 688 21
41 547 16
41 595 22
957 651 5
957 136 9
957 554 11
957 203 21
957 927 5
957 808 1
957 659 10
957 830 22
11 785 21
11 177 5
11 45 12
11 786 21
11 599 12
11 757 20
11 838 2
11 681 6
11 499 10
785 420 17
785 567 21
785 275 4
785 239 18
785 7 9
785 525 20
785 798 22
57 676 7
57 576 6
57 155 11
57 377 4
57 260 10
850 240 15
850 906 20
850 971 16
850 503 17
850 653 17
850 0 12
850 593 3
116 434 7
116 364 14
116 971 3
116 671 16
116 963 18
116 589 14
116 887 3
434 370 16
434 13 13
434 801 22
434 307 14
434 728 9
434 360 6
434 666 22
499 715 14
499 904 6
499 771 10
499 826 15
499 274 13
499 353 11
499 799 6
18 801 19
18 488 6
18 556 4
18 594 11
18 441 8
18 566 16
801 239 7
801 525 19
801 474 6
202 393 1
202 370 6
202 429 10
202 72 10
202 331 12
202 280 11
202 508 18
202 629 20
393 855 3
393 844 2
393 140 15
393 45 10
393 640 20
393 952 6
393 244 5
393 385 7
802 375 17
802 61 7
802 914 21
802 511 13
802 26 11
802 767 6
802 533 10
802 246 21
702 716 6
702 8 20
702 818 18
702 969 6
702 691 9
702 78 13
702 561 5
702 281 16
716 87 18
716 215 11
716 554 19
716 106 21
716 574 11
716 519 19
716 351 9
716 799 17
837 185 11
837 984 3
837 332 13
837 923 21
837 269 19
837 263 4
837 291 10
395 56 15
395 933 14
395 94 15
395 137 20
395 547 3
395 259 10
807 235 19
807 944 7
807 187 7
807 534 14
807 709 22
807 69 10
807 642 9
482 568 12
482 931 7
482 805 5
482 412 18
482 132 15
482 879 22
482 264 7
482 868 16
568 61 5
568 707 14
568 629 16
568 270 11
568 343 4
568 611 22
334 13 12
334 337 17
334 649 20
334 698 21
334 565 21
334 365 7
334 238 5
334 138 4
234 439 21
234 100 16
234 838 11
234 853 5
234 714 3
234 648 20
234 958 16
234 649 1
439 996 1
439 866 1
439 273 4
439 169 18
439 80 22
439 665 22
439 988 21
0 272 7
0 87 13
0 735 21
0 974 2
0 654 5
0 207 9
0 449 15
0 873 3
272 828 18
272 949 22
272 638 9
272 369 5
272 783 6
272 723 9
272 21 15
294 453 10
294 927 6
294 737 17
294 70 8
294 68 18
294 745 2
294 977 12
294 106 5
453 101 14
453 282 9
453 574 3
453 66 12
453 266 14
453 326 15
841 851 10
841 853 3
841 2 17
841 243 4
841 469 22
841 175 4
851 438 15
851 470 15
851 530 22
851 360 13
851 390 18
851 273 4
851 566 19
920 142 5
920 826 21
920 720 13
920 578 16
920 297 4
920 913 22
920 24 21
273 286 5
273 754 9
273 318 4
273 51 19
273 553 6
273 570 21
273 477 3
273 720 11
286 963 11
286 265 11
286 42 21
286 40 18
286 153 15
286 674 14
286 691 15
740 549 15
740 829 2
740 432 2
740 279 19
740 561 10
403 517 13
403 919 5
403 900 12
403 594 2
403 961 10
403 588 19
403 373 2
517 483 10
517 754 2
517 52 1
517 295 15
517 748 21
517 381 15
517 9 8
609 622 19
609 107 19
609 348 5
609 832 22
609 26 7
609 569 12
609 804 22
609 871 10
622 875 7
622 458 18
622 674 10
622 410 10
622 677 19
622 548 22
622 142 10
864 228 19
864 665 11
864 280 13
864 604 12
864 858 16
864 203 22
864 142 1
5 968 17
5 882 6
5 118 3
5 982 17
5 98 16
71 583 15
71 254 3
71 251 3
71 242 19
71 855 15
71 681 15
71 844 12
71 177 13
150 66 14
150 744 18
150 52 3
150 228 2
931 378 8
931 836 13
931 805 9
931 333 2
931 538 22
931 219 11
869 479 18
869 328 22
869 754 15
869 478 8
869 912 7
869 734 5
869 390 10
641 212 19
641 815 19
641 365 15
641 438 11
641 588 6
641 369 20
641 715 15
287 692 2
287 573 6
287 370 2
287 493 14
287 790 7
287 246 7
287 951 16
692 930 13
692 358 10
692 858 20
692 136 3
692 658 16
692 892 17
692 375 2
692 999 17
600 923 2
600 243 7
600 58 18
600 478 17
600 63 16
600 142 2
600 742 17
600 84 21
923 347 3
923 58 5
923 235 3
923 61 18
923 689 8
923 392 17
135 823 11
135 207 8
135 198 2
135 353 19
135 984 21
135 348 15
135 715 10
135 974 10
135 846 6
823 791 13
823 240 20
823 270 15
823 630 3
823 895 19
823 345 11
410 121 20
410 757 22
410 30 15
410 729 11
410 181 10
410 710 16
49 441 1
49 876 21
49 988 20
49 174 7
49 470 8
49 232 1
49 211 15
49 829 17
338 630 2
338 474 11
338 249 10
338 211 18
338 644 8
338 278 22
338 125 9
338 947 18
630 649 2
630 882 11
630 387 14
630 511 7
630 999 3
630 341 3
24 174 20
24 103 9
24 292 18
24 911 18
24 581 10
24 589 14
24 742 20
174 375 22
174 103 13
174 176 1
174 130 7
174 712 11
260 710 20
260 62 20
260 919 16
260 718 4
260 98 22
260 343 15
710 635 7
710 727 2
710 115 13
710 788 9
710 835 15
710 896 10
710 821 10
58 998 19
58 15 10
58 854 14
58 263 21
251 521 22
251 105 3
251 184 16
251 322 21
251 674 4
251 230 19
378 880 18
378 991 2
378 788 20
378 365 4
378 635 8
378 637 12
218 713 8
218 444 1
218 186 5
218 168 4
218 177 7
218 958 22
713 806 3
713 581 15
713 343 18
713 77 9
713 186 17
713 530 5
713 281 22
37 638 6
37 690 6
37 558 22
37 450 1
37 249 15
37 130 2
37 46 12
638 212 21
638 981 3
638 322 2
638 39 10
638 777 20
638 833 7
459 843 2
459 200 21
459 902 1
459 642 1
459 670 5
570 872 12
570 529 6
570 677 11
570 584 7
570 191 8
570 752 13
570 494 15
872 798 4
872 977 12
872 928 9
872 165 12
872 697 13
872 387 11
872 737 14
51 950 8
51 500 5
51 62 13
51 481 14
51 806 6
51 284 11
950 848 21
950 331 18
950 904 21
950 953 12
950 554 13
950 912 4
950 798 3
412 700 16
412 319 21
412 64 4
412 679 17
412 549 19
412 271 16
412 893 8
412 707 12
412 828 3
700 233 5
700 23 22
700 635 20
700 105 22
700 466 3
706 843 18
706 118 3
706 73 18
706 942 19
706 125 2
706 553 6
706 677 21
130 987 2
130 558 16
130 978 12
130 42 10
130 808 13
130 244 15
987 262 10
987 875 12
987 299 3
987 65 11
987 583 14
978 249 22
978 473 13
978 788 19
978 143 20
978 331 9
978 297 20
978 593 15
64 367 4
64 615 2
64 107 2
64 606 15
64 407 9
64 697 7
64 682 21
64 508 1
367 153 13
367 447 21
367 356 6
367 985 3
367 424 19
367 668 4
367 428 14
160 829 10
160 329 16
160 803 2
160 919 7
160 868 14
160 980 15
160 284 20
160 178 17
829 761 1
829 176 4
829 651 21
829 446 22
829 266 12
829 196 16
924 996 12
924 993 20
924 275 8
924 784 6
924 712 1
924 880 21
924 578 22
924 84 19
996 446 13
996 270 6
996 279 17
996 552 11
996 387 10
523 652 22
523 866 15
523 219 20
523 940 2
523 258 2
523 418 18
523 153 14
523 967 11
652 304 16
652 249 1
652 977 9
652 52 19
652 595 1
652 893 15
652 47 13
652 324 5
536 653 21
536 91 13
536 811 2
536 992 1
536 970 16
209 233 6
209 190 11
209 833 18
209 136 1
209 458 14
209 326 16
233 127 19
233 391 5
233 961 17
233 974 4
233 178 15
233 593 17
233 595 1
178 654 21
178 695 9
178 200 19
178 562 17
178 552 7
178 789 6
178 659 19
654 242 3
654 175 14
654 205 13
654 371 16
654 723 21
654 56 5
654 333 15
384 988 13
384 257 8
384 370 14
384 217 22
384 774 11
384 307 22
384 584 14
384 634 14
988 216 10
988 487 19
988 9 19
988 708 11
988 27 15
988 55 19
983 360 17
983 701 5
983 992 7
983 766 3
983 886 8
983 103 20
983 36 19
539 804 12
539 259 18
539 911 19
539 77 21
539 300 3
539 757 6
539 309 17
671 937 17
671 142 4
671 106 9
671 736 5
671 181 8
671 340 16
937 833 13
937 949 3
937 230 22
937 175 7
937 971 6
863 878 8
863 488 4
863 212 14
863 666 6
863 279 15
863 954 1
863 45 12
863 450 1
863 646 2
878 589 20
878 123 17
878 925 6
878 462 6
878 288 18
878 748 19
878 587 10
329 944 7
329 72 22
329 972 13
329 908 1
329 601 10
329 603 2
329 516 20
329 195 17
944 985 19
944 40 13
944 581 2
944 599 12
944 902 21
944 711 6
310 665 4
310 88 20
310 858 13
310 283 16
665 643 4
665 68 8
665 532 17
665 9 21
665 252 12
645 655 15
645 587 5
645 279 14
645 416 8
645 429 1
645 534 14
645 477 9
645 488 13
645 955 4
655 420 22
655 235 17
655 216 10
655 838 13
655 820 16
968 614 4
968 335 12
968 163 12
968 530 3
968 967 3
968 836 2
968 392 1
883 400 15
883 558 16
883 858 20
883 530 13
883 283 7
883 588 10
182 601 21
182 594 18
182 598 6
182 963 16
182 646 10
182 958 21
182 643 2
182 390 22
601 109 15
601 192 15
601 359 16
601 835 1
601 136 22
601 388 11
601 471 22
531 755 6
531 893 19
531 814 22
531 166 21
531 492 11
531 616 7
531 391 17
531 969 7
755 786 22
755 777 15
755 565 18
755 195 4
755 533 13
755 804 17
755 567 19
134 826 3
134 936 5
134 10 2
134 89 5
134 563 19
134 184 3
134 962 16
134 29 12
134 886 6
826 854 14
826 316 7
826 596 21
826 969 6
826 658 16
826 156 9
502 500 18
502 449 20
502 585 14
502 519 14
502 23 21
502 555 6
502 735 3
161 240 12
161 409 15
161 818 18
161 798 3
161 307 1
161 604 1
689 819 17
689 871 3
689 534 8
689 513 21
689 324 10
689 62 22
689 309 18
819 966 1
819 326 4
819 492 3
819 697 1
819 103 8
819 427 18
333 891 4
333 400 17
333 143 7
333 999 2
333 220 17
333 537 9
891 462 6
891 362 5
891 341 1
891 155 19
891 238 6
891 117 3
263 832 12
263 13 5
263 811 1
263 443 10
263 166 1
263 351 13
263 962 15
832 781 4
832 166 20
832 290 20
832 528 14
832 648 17
832 550 17
244 324 4
244 561 12
244 342 1
244 257 10
244 219 22
244 194 4
324 578 20
324 236 12
324 421 16
324 896 15
324 781 12
324 717 17
799 561 13
799 742 22
799 998 4
799 682 8
799 942 2
26 761 5
26 574 9
26 55 18
270 60 11
270 55 18
270 881 22
270 867 20
190 748 22
190 373 8
190 980 20
190 165 6
190 853 8
190 340 15
190 533 17
607 239 2
607 580 1
607 231 18
607 628 14
607 696 21
607 596 2
640 674 12
640 254 14
640 658 6
640 22 13
640 235 21
640 737 11
674 501 12
674 248 1
674 979 2
674 847 20
257 511 21
257 548 7
257 550 21
257 212 10
257 791 18
257 81 7
257 967 17
257 173 22
668 203 4
668 805 10
668 688 16
668 198 7
668 792 15
668 629 9
668 904 22
668 78 11
715 969 19
715 27 9
715 65 9
715 89 12
715 21 16
715 489 1
969 813 5
969 298 5
969 728 3
969 267 3
969 708 22
969 370 7
9 14 10
9 581 1
682 792 4
682 88 18
682 776 7
682 994 17
682 729 14
682 554 17
792 103 10
792 155 8
792 900 20
792 742 8
792 231 14
792 364 4
33 127 19
33 27 20
33 608 11
33 649 22
33 948 7
33 78 12
33 441 19
74 155 11
74 513 19
74 557 6
74 553 7
74 770 22
74 222 11
74 642 10
74 347 12
155 914 10
155 377 17
155 906 18
155 389 5
469 913 9
469 543 4
469 106 21
469 185 2
469 835 3
469 250 12
913 316 1
913 42 7
913 121 5
913 930 4
913 282 19
913 806 18
913 351 2
786 170 15
786 168 2
786 454 5
786 474 3
786 187 19
489 784 6
489 709 19
489 994 18
489 724 14
489 47 20
489 69 2
784 764 18
784 749 5
784 637 13
784 433 8
784 854 16
784 908 16
784 62 11
167 908 10
167 833 15
167 140 16
167 871 15
167 670 4
167 192 6
596 846 7
596 951 21
596 911 10
596 688 22
596 813 8
596 300 7
846 428 9
846 450 6
846 140 11
846 170 1
846 358 1
274 493 1
274 306 12
274 971 15
274 421 9
274 183 7
274 594 9
274 516 9
413 707 9
413 634 13
413 636 22
413 811 2
413 424 8
413 483 17
413 729 19
558 306 17
558 300 21
558 512 2
558 649 17
558 642 22
228 477 20
228 643 19
228 125 17
228 110 19
228 261 6
228 876 13
360 681 9
360 40 20
360 351 3
360 326 10
360 166 14
128 633 6
128 494 21
128 236 17
128 669 2
128 283 15
128 901 8
128 896 22
128 874 18
633 642 8
633 697 10
633 4 3
633 885 20
633 100 15
633 163 2
633 782 13
633 342 15
169 634 13
169 464 17
169 192 2
169 283 12
169 353 13
634 236 5
634 481 21
634 127 13
634 8 16
634 833 12
634 811 13
595 742 7
595 532 15
595 688 11
595 163 3
595 176 19
595 775 19
742 859 16
742 200 18
742 691 16
972 528 9
972 486 12
972 123 15
972 666 9
433 451 8
433 292 16
433 761 2
433 777 17
433 181 3
433 644 22
433 876 8
451 440 12
451 242 16
451 123 2
451 36 5
451 901 8
125 335 6
125 887 8
125 440 21
125 624 3
125 470 14
335 781 18
335 406 5
335 703 16
335 994 15
335 492 13
88 664 5
88 800 19
88 428 16
88 117 11
88 758 14
88 342 17
88 707 10
583 696 3
583 267 10
583 980 19
583 894 20
583 519 14
583 47 22
583 13 10
165 636 3
165 319 13
165 187 12
165 231 22
165 594 9
165 280 14
165 940 13
636 821 10
636 203 12
636 982 15
636 87 21
636 534 3
636 970 8
636 904 21
282 955 18
282 993 3
282 736 14
282 171 4
282 788 16
646 680 12
646 590 5
646 219 13
646 714 10
646 308 10
680 181 4
680 318 11
680 163 3
680 236 19
680 45 8
680 951 10
680 618 19
389 401 19
389 884 2
389 166 8
389 350 11
389 552 17
639 610 9
639 246 20
639 463 9
639 822 22
639 268 20
639 877 5
639 243 9
822 967 15
822 818 2
822 163 13
822 900 14
822 261 19
822 279 6
822 979 9
216 981 21
216 589 13
216 954 16
216 725 9
216 821 18
216 585 3
216 877 17
216 322 8
458 521 16
458 815 8
458 485 11
458 676 1
458 548 5
458 471 15
458 653 18
458 306 11
521 208 20
521 898 11
521 834 8
521 67 20
521 361 15
778 876 11
778 526 7
778 718 19
778 967 4
778 580 18
778 455 11
876 281 12
876 624 18
876 493 6
876 189 2
560 919 13
560 396 14
560 212 13
560 81 17
560 471 21
560 163 7
560 625 5
919 440 16
919 787 5
919 873 5
708 269 22
708 4 1
650 194 19
650 618 9
650 848 2
650 295 15
650 198 19
650 605 3
650 705 20
650 828 5
105 231 21
105 212 1
105 928 14
105 930 7
105 487 20
105 238 21
231 882 3
231 818 7
231 688 9
231 15 7
231 132 22
118 486 12
118 711 11
118 47 7
118 998 20
118 628 11
118 29 12
118 973 15
440 709 16
440 871 14
440 690 3
440 855 1
440 705 20
709 967 6
709 72 10
709 84 21
709 598 19
709 473 2
302 479 4
302 281 22
302 172 21
302 196 12
302 381 22
479 614 7
479 760 1
479 78 18
479 355 9
486 280 12
486 473 4
486 78 19
486 362 1
930 181 9
930 589 19
930 351 2
930 407 6
930 487 8
170 421 22
170 599 1
170 304 12
170 100 1
170 898 5
170 387 3
232 267 11
232 464 21
232 871 10
298 481 20
298 736 22
298 258 2
298 42 16
298 814 19
298 319 18
481 588 20
481 581 19
481 61 7
481 642 4
481 4 9
191 355 6
191 180 10
191 589 18
191 72 20
191 577 10
191 262 16
355 189 15
355 532 10
355 705 5
355 504 20
355 871 3
355 752 21
250 701 3
250 736 17
250 143 22
250 342 22
250 27 10
62 884 6
62 830 6
62 550 19
62 896 6
884 358 17
884 309 7
884 603 14
884 561 7
884 406 16
764 927 19
764 886 14
764 365 2
764 597 22
764 235 19
764 651 17
764 528 12
764 669 7
764 418 19
927 690 3
927 275 16
927 229 15
927 343 1
927 478 6
927 429 13
15 914 7
15 109 4
15 281 6
15 21 16
15 812 22
371 866 17
371 424 9
371 326 20
371 681 9
371 770 8
371 867 18
371 319 5
407 774 20
407 908 2
407 767 13
407 207 2
774 239 12
774 417 17
774 426 12
774 604 19
774 877 18
774 238 11
774 400 21
252 900 13
252 847 5
252 581 20
252 882 17
252 267 19
252 885 7
252 246 7
900 445 13
900 328 18
351 879 5
351 984 16
351 529 22
351 849 16
351 840 18
879 629 9
879 94 5
879 54 6
879 911 21
438 474 15
438 295 13
438 361 14
438 954 17
438 804 8
474 585 22
474 211 19
474 239 16
474 39 16
207 29 8
207 903 5
207 875 5
207 304 17
731 214 12
731 858 19
731 610 18
731 187 22
731 503 10
998 454 22
998 814 2
998 557 15
998 392 4
998 115 14
21 307 7
21 798 13
21 477 17
21 598 2
21 587 2
307 406 5
307 958 16
307 350 22
307 803 19
31 500 17
31 933 14
31 342 2
31 537 8
31 284 8
31 281 16
31 954 4
31 454 4
500 608 8
500 664 14
500 100 21
485 707 16
485 192 7
485 994 16
485 42 12
485 455 3
485 441 18
707 948 19
707 754 13
707 729 6
707 80 1
163 427 4
163 477 1
163 711 14
427 380 7
427 342 5
427 838 15
427 965 2
427 901 14
427 529 1
427 504 17
138 588 21
138 494 10
138 36 5
138 364 11
138 370 8
138 297 2
828 894 17
828 81 22
828 23 11
828 418 20
828 80 13
115 615 2
115 106 9
115 396 10
115 580 19
115 40 2
115 992 2
115 673 2
615 100 1
615 361 22
615 508 1
615 676 7
615 173 11
615 548 10
428 824 16
428 229 3
428 236 9
428 266 1
428 661 17
736 814 19
736 107 12
736 698 14
736 908 7
292 783 20
292 483 16
292 529 6
292 766 6
292 528 20
908 173 21
908 183 1
908 635 13
908 483 12
908 196 12
295 100 3
295 462 8
295 375 22
295 443 1
295 311 20
429 667 3
429 881 13
429 868 17
429 806 11
667 598 13
667 718 6
667 98 14
667 22 13
667 180 2
667 721 8
667 933 12
667 184 4
949 760 16
949 173 19
952 200 16
952 728 7
952 637 11
952 375 15
952 723 15
952 68 22
203 849 18
203 691 17
203 514 16
203 843 4
203 669 13
849 140 7
849 326 19
849 745 14
849 375 10
849 476 4
849 29 15
348 449 19
348 574 7
348 729 6
348 537 19
348 534 18
348 705 9
449 300 17
449 695 3
449 512 11
449 790 14
449 603 19
844 545 2
844 416 11
844 350 19
844 629 13
783 847 4
783 576 7
783 66 18
783 618 18
783 501 1
783 577 9
261 392 20
261 868 18
261 236 4
261 186 15
217 875 6
217 30 2
217 552 12
217 965 2
43 752 3
43 6 10
43 353 12
43 220 8
43 653 1
43 589 9
43 454 15
43 375 21
43 566 20
752 504 11
752 677 15
752 388 3
752 606 5
752 982 7
211 565 10
211 369 15
211 265 12
211 788 5
211 761 19
565 808 22
565 970 15
565 721 4
565 613 19
565 463 6
87 342 9
87 698 19
87 381 7
87 264 17
606 512 11
606 971 11
606 513 21
606 697 5
381 735 1
381 117 6
381 965 15
381 775 15
381 447 13
381 673 15
278 511 14
278 445 11
278 625 8
278 2 11
278 136 3
278 563 14
278 405 4
278 532 21
511 912 6
511 365 7
511 701 6
511 824 12
514 181 14
514 547 21
514 420 6
514 873 9
514 195 21
649 248 4
649 27 10
561 979 4
561 926 9
561 123 6
391 254 16
391 208 2
391 340 6
391 212 5
391 749 5
391 322 13
391 137 18
853 738 3
249 16 16
249 701 6
249 984 16
249 618 16
249 732 17
567 735 12
567 80 5
567 258 15
735 914 12
735 266 17
735 275 2
735 696 2
735 432 17
735 258 8
748 377 13
748 194 6
748 569 22
748 926 12
748 316 8
332 912 18
332 14 2
332 788 14
332 337 5
332 585 15
332 589 4
332 137 19
13 947 20
13 373 2
13 223 8
938 549 4
938 824 4
938 84 11
938 208 15
938 142 11
938 322 8
761 14 18
761 421 10
761 224 16
761 505 2
614 470 20
614 242 1
614 341 2
614 505 15
573 666 4
573 513 7
573 597 4
573 318 20
573 493 19
573 353 13
573 476 10
77 992 10
77 686 22
77 175 5
77 38 21
77 45 20
992 723 16
992 698 17
992 766 4
992 858 5
992 374 18
992 813 8
556 734 6
556 322 17
556 473 13
556 259 1
556 677 14
556 980 7
556 806 8
556 103 7
734 658 9
734 690 11
734 22 3
734 172 5
734 4 17
123 815 21
123 942 7
123 727 22
123 56 19
123 598 10
123 30 4
815 696 3
815 754 5
815 269 19
815 318 22
815 906 7
815 491 11
259 608 22
259 895 6
259 400 11
283 989 6
283 341 21
989 347 19
989 824 1
989 537 2
989 629 17
989 267 9
989 140 11
133 966 9
133 780 13
133 814 20
133 616 1
133 187 4
133 189 3
133 538 16
476 566 11
476 304 12
476 418 18
476 239 16
476 284 17
476 901 4
476 208 2
566 264 22
566 297 5
566 874 1
566 110 16
566 426 6
10 262 15
10 550 4
10 528 5
10 72 21
648 770 4
648 288 18
648 365 5
648 578 4
648 686 6
194 358 13
194 528 22
194 691 10
194 624 19
194 55 1
358 22 15
358 42 18
358 754 2
212 189 13
424 820 8
424 141 17
424 246 6
424 132 7
424 377 17
424 942 19
424 948 4
820 254 21
820 587 17
820 224 11
820 886 17
820 552 15
820 530 7
262 947 19
262 771 21
262 698 9
262 966 3
262 587 19
262 376 15
885 855 9
885 847 22
885 387 21
885 871 11
885 528 12
224 176 14
224 745 15
836 993 18
836 979 10
836 258 18
836 914 16
836 808 12
836 653 5
993 309 5
993 814 8
993 7 16
993 749 20
993 185 4
993 505 9
993 369 19
46 874 7
46 999 14
46 563 21
46 777 13
46 904 1
46 948 15
46 266 11
874 781 7
874 954 20
874 791 2
874 127 18
874 187 4
239 443 15
239 483 15
92 697 3
92 268 15
92 644 12
92 554 22
92 538 20
92 590 3
697 175 2
697 350 13
697 345 2
243 594 14
243 880 22
243 824 9
243 982 12
477 505 21
477 806 19
477 725 3
477 279 19
770 376 12
770 955 7
770 73 4
770 659 7
770 790 9
721 760 2
721 326 3
721 241 9
721 728 7
721 236 5
760 166 20
760 337 5
760 589 21
760 445 6
760 186 2
760 491 9
532 14 5
532 106 6
532 810 5
532 117 4
72 894 14
72 577 4
22 264 7
22 164 6
22 984 5
22 516 7
264 101 17
264 377 2
264 859 18
264 223 14
264 416 22
833 664 1
833 265 21
936 818 7
936 758 15
936 947 4
887 896 3
887 724 9
887 258 7
887 745 19
887 305 20
562 877 13
562 529 4
562 462 15
562 401 14
101 506 1
101 316 8
101 791 16
101 847 15
101 587 5
798 686 9
798 904 22
798 291 13
798 374 9
242 925 3
242 20 3
242 253 8
242 525 2
875 52 7
875 525 9
875 526 21
875 441 17
875 727 7
875 679 16
847 940 3
847 137 4
847 772 18
847 132 9
195 744 21
195 911 1
195 416 5
195 898 6
195 871 4
195 265 10
955 728 10
955 258 14
955 61 2
955 162 22
279 848 6
279 991 4
375 866 5
36 670 2
36 222 11
36 388 2
36 803 13
36 132 20
36 543 22
670 94 22
670 288 7
670 80 16
670 443 8
670 84 4
545 776 5
545 396 4
545 445 15
545 269 7
545 7 7
545 508 11
776 331 6
776 519 16
776 67 9
506 781 13
506 985 2
506 530 9
506 219 18
506 538 17
240 892 3
240 953 7
240 180 22
240 861 19
240 552 9
240 549 6
94 732 14
94 834 20
94 694 8
732 725 2
732 308 20
732 971 3
732 337 14
732 712 1
732 55 19
396 603 4
396 392 12
396 999 11
396 68 4
396 497 6
781 881 22
781 331 15
781 508 7
781 619 22
781 136 6
881 4 13
881 834 6
881 973 13
881 898 11
881 686 7
387 725 15
387 230 2
387 98 6
725 343 11
725 552 5
725 306 9
725 681 3
725 380 22
65 445 11
65 803 4
65 818 19
65 619 15
65 898 12
65 526 18
65 664 1
65 63 10
445 441 2
445 588 19
445 810 4
684 948 16
684 52 18
684 886 4
684 767 22
684 701 12
684 894 5
684 39 19
948 444 10
948 308 8
948 177 10
948 854 17
183 603 14
183 308 14
183 528 8
183 141 8
183 78 15
183 577 4
14 106 12
14 466 10
14 198 20
14 248 16
14 173 3
912 487 3
912 866 20
912 745 19
912 47 2
912 610 6
861 66 16
861 757 15
861 421 18
861 409 20
861 505 4
861 222 18
861 54 17
966 347 9
966 70 21
966 455 5
574 284 22
574 2 3
574 6 9
574 347 15
370 928 11
370 361 9
370 29 9
153 69 4
153 426 20
153 651 8
153 164 18
61 593 17
61 156 19
61 642 10
61 991 1
695 854 12
695 16 13
695 441 20
695 350 19
695 925 17
695 341 2
854 176 5
854 711 8
854 961 12
843 6 17
843 156 18
843 744 13
843 299 5
843 985 2
843 337 16
843 629 22
81 525 8
81 2 12
81 73 1
81 970 2
268 661 17
268 248 10
268 526 13
268 512 13
268 504 10
268 625 7
345 947 15
345 121 7
345 223 21
345 593 14
345 248 9
345 180 15
345 895 22
253 859 18
253 534 3
253 205 12
253 973 17
253 720 2
253 698 10
253 109 20
859 454 2
859 52 16
859 892 3
859 604 21
385 749 5
385 643 2
385 737 14
385 416 3
385 91 8
749 16 15
749 939 1
749 319 9
749 982 13
780 790 1
780 30 7
780 478 10
780 380 10
780 553 14
780 578 18
780 793 18
790 519 11
790 644 7
744 867 1
744 306 17
744 464 15
744 172 7
744 526 3
744 811 4
867 877 2
867 777 7
867 681 10
867 772 4
577 970 20
577 965 5
577 961 3
421 241 13
421 754 1
142 288 8
142 63 15
516 598 8
516 54 22
516 714 4
103 416 14
103 659 9
103 311 18
824 877 20
824 503 17
491 723 5
491 880 12
491 401 10
305 686 18
305 811 19
305 848 8
305 599 2
305 775 18
305 392 4
305 326 7
811 557 1
811 816 6
811 401 12
47 140 10
47 611 15
47 895 18
248 89 5
248 922 19
248 60 2
248 401 22
220 816 13
220 669 9
220 696 14
220 643 2
220 953 6
220 405 19
816 547 13
816 164 3
816 331 10
816 235 12
816 265 10
388 400 15
388 60 22
388 16 12
388 353 13
388 599 5
400 6 1
400 866 8
400 473 15
269 501 1
269 139 11
269 63 21
269 714 3
416 464 3
416 954 22
416 42 16
880 513 1
880 471 21
880 789 10
880 6 10
880 192 20
666 758 13
666 35 21
666 20 15
666 711 4
758 681 13
758 903 21
758 139 1
758 186 17
644 538 22
644 723 11
644 584 10
644 454 19
644 67 9
143 838 12
143 356 9
143 971 19
143 68 15
143 450 10
143 493 5
838 89 5
838 223 19
838 800 13
892 894 3
892 961 1
892 8 5
892 446 9
892 525 14
892 821 19
235 319 13
235 803 22
235 605 14
235 834 8
319 110 20
717 447 16
717 603 7
717 686 21
717 701 11
947 806 14
947 896 21
309 712 10
309 109 1
309 288 9
446 738 17
446 598 21
446 840 6
446 694 5
214 812 17
214 376 22
214 835 10
214 658 15
214 585 2
214 624 2
214 813 1
940 501 3
940 463 8
940 38 15
940 137 16
940 171 11
940 67 2
653 580 13
653 789 8
380 967 2
380 23 2
380 304 8
380 42 20
341 356 7
341 192 19
341 80 6
676 604 5
676 605 18
676 376 17
676 291 12
676 793 8
605 895 3
605 810 11
605 254 7
605 796 20
895 533 20
895 246 1
895 281 11
553 180 6
553 513 6
553 718 2
803 873 12
803 569 18
803 782 4
803 903 22
803 390 16
100 727 13
100 215 7
100 271 4
91 965 18
91 903 12
91 694 13
91 70 14
91 942 11
608 66 10
608 162 19
608 997 14
608 504 21
608 409 5
316 275 21
316 961 8
316 340 14
316 280 9
316 901 15
23 215 16
23 584 8
23 800 3
222 985 21
222 342 3
222 658 5
222 171 5
985 215 22
530 549 15
530 548 4
530 362 19
530 914 8
549 208 4
549 718 8
549 973 11
549 377 1
658 563 5
322 30 20
322 997 21
55 175 10
55 176 6
55 835 7
175 426 2
175 284 8
505 208 22
505 812 4
466 420 1
466 291 22
466 974 19
466 711 8
466 526 21
121 254 13
121 508 17
121 805 3
121 928 17
181 584 11
181 902 19
528 745 6
745 984 12
745 374 19
581 73 2
581 701 8
914 390 6
914 967 17
914 980 5
271 981 11
271 290 10
271 66 18
271 894 17
271 720 3
271 40 11
981 454 10
981 492 8
578 7 21
578 933 2
578 675 21
2 223 17
2 200 15
2 997 21
2 493 15
342 629 9
284 939 16
284 738 8
686 443 20
686 69 10
686 38 2
84 229 9
84 110 14
229 991 7
229 922 2
229 288 10
229 417 16
229 703 19
637 974 9
637 328 6
637 236 2
254 432 1
254 555 12
254 793 8
951 681 19
951 365 9
951 308 13
951 610 2
533 643 4
533 610 20
533 933 6
38 463 13
38 788 13
38 963 13
463 473 17
463 782 8
463 353 1
877 894 5
877 669 2
877 616 6
347 359 1
347 464 14
347 979 10
192 788 19
192 810 2
192 107 2
30 494 20
30 604 11
30 288 11
30 185 3
494 7 17
494 554 14
494 56 21
494 139 4
494 898 6
494 757 4
356 585 8
356 450 3
356 454 10
356 443 12
356 483 13
39 728 18
39 664 14
39 362 21
39 417 14
728 369 7
728 902 17
127 548 15
127 109 6
127 997 1
127 616 3
548 625 14
548 977 9
548 538 11
109 898 9
109 89 15
444 141 14
444 788 13
444 176 2
184 651 10
184 694 22
184 390 17
651 20 3
651 882 21
651 789 2
611 737 10
611 928 3
611 543 8
611 804 22
441 963 13
441 619 19
963 737 18
963 473 8
963 67 5
377 712 19
904 281 11
904 834 16
904 925 19
526 432 21
526 362 19
526 800 21
893 597 18
893 186 13
893 613 5
893 830 3
893 409 3
563 141 21
369 727 16
369 585 11
369 576 22
369 771 9
552 497 18
552 624 1
141 139 22
141 493 19
141 156 1
141 903 5
848 67 11
848 508 14
493 971 16
493 982 2
812 483 19
812 958 19
812 690 20
470 738 22
470 597 6
470 156 17
470 376 21
738 359 9
738 4 12
738 688 19
136 340 14
136 501 1
340 343 20
340 550 17
340 729 10
625 172 6
625 980 16
625 882 22
625 547 12
625 447 12
805 326 9
805 537 5
805 557 9
805 619 21
813 991 8
813 110 12
525 818 19
525 455 11
933 766 20
933 557 6
933 162 12
933 339 2
643 68 13
643 176 21
821 868 15
821 555 10
821 171 11
585 137 2
585 80 14
56 818 4
56 6 7
56 796 5
818 800 8
818 958 20
787 808 5
787 550 4
787 117 8
808 613 13
808 727 1
808 311 17
308 810 14
308 999 9
308 483 11
308 350 12
308 462 19
810 409 11
810 619 16
299 492 11
299 534 2
299 777 9
299 405 5
866 604 20
866 70 16
866 902 6
200 580 12
200 318 15
200 694 9
200 186 17
6 364 1
6 168 14
364 610 14
364 834 17
364 772 11
464 406 13
873 359 4
873 791 20
873 696 17
196 729 17
196 300 22
196 291 6
196 922 7
980 168 11
980 814 22
27 406 5
27 132 13
27 68 14
701 4 15
701 690 3
185 962 4
185 304 4
215 455 12
454 16 22
454 406 8
198 771 2
198 597 15
543 703 10
543 619 6
543 970 13
703 804 10
703 576 17
703 89 14
814 727 13
814 593 18
814 942 13
297 418 8
840 8 5
840 777 10
681 830 12
681 974 8
590 420 7
590 922 11
590 659 1
373 497 9
373 677 20
373 107 17
373 42 13
497 462 1
497 961 18
705 835 10
705 140 16
705 339 9
705 962 8
835 450 17
52 177 19
52 594 14
156 791 22
156 300 21
156 265 21
73 603 16
777 89 8
168 723 3
168 782 16
168 962 3
168 374 8
343 580 22
343 208 11
343 550 19
488 554 2
488 409 16
488 902 18
488 205 15
488 604 16
554 610 3
554 922 10
66 994 16
66 246 6
906 555 9
906 107 20
906 800 21
967 70 7
757 529 1
275 688 14
275 569 11
275 40 6
688 361 11
688 512 13
110 359 13
110 504 13
189 374 11
189 290 6
189 534 12
189 417 21
189 139 18
189 173 19
806 711 13
806 714 11
806 793 20
487 724 11
487 328 5
487 675 16
487 800 2
696 635 11
537 306 4
894 54 8
894 280 12
894 70 7
513 117 11
513 984 8
712 624 10
661 362 19
661 771 19
661 926 6
661 610 14
661 455 21
984 834 12
588 447 20
588 767 21
999 432 17
999 417 19
519 291 1
519 970 6
594 619 5
594 117 22
729 339 19
140 767 22
140 886 12
304 392 6
791 503 21
580 8 12
580 406 7
580 267 9
339 675 12
339 267 16
339 766 15
675 180 3
675 361 10
675 737 17
675 117 17
675 69 15
173 67 22
173 698 12
173 788 17
635 624 17
635 290 14
420 962 16
420 405 20
420 555 7
547 718 9
547 171 7
547 42 12
547 855 4
718 503 18
718 939 9
737 628 5
60 576 22
60 417 18
60 782 19
60 962 12
576 673 16
979 171 15
979 16 10
974 691 18
974 162 11
7 628 12
7 238 19
7 376 3
7 29 4
882 772 16
882 401 15
882 901 6
187 401 3
187 290 19
409 450 7
450 789 7
450 80 12
926 971 10
926 20 20
926 417 10
926 432 16
504 306 13
504 991 8
20 512 5
20 679 8
20 45 22
20 599 3
664 63 12
529 673 17
767 928 21
767 597 2
939 166 17
939 365 11
939 63 18
939 942 9
501 698 16
593 868 14
589 177 3
107 977 20
107 29 22
376 868 20
238 311 10
238 973 10
238 942 12
311 903 22
311 771 18
288 54 9
392 673 15
392 613 1
392 925 3
68 925 16
68 362 12
569 171 20
569 374 20
569 965 3
569 659 11
569 962 12
166 772 20
16 896 8
942 35 11
942 775 6
624 555 13
714 455 17
306 782 19
306 359 2
306 455 14
29 994 16
599 67 5
599 462 13
362 267 13
362 775 9
903 246 15
903 965 15
903 137 17
241 613 17
241 973 3
241 557 2
241 724 12
241 698 18
613 405 15
613 54 7
613 534 10
613 443 6
911 426 20
911 162 13
911 690 10
186 177 10
223 977 21
223 406 10
223 597 12
405 724 6
164 406 13
164 830 11
164 868 11
164 443 21
164 724 21
164 673 21
45 54 9
45 359 14
177 659 22
177 266 8
971 350 14
991 772 11
991 512 15
804 280 21
977 172 21
977 973 8
962 598 15
962 603 10
418 679 15
89 8 17
492 318 6
492 557 18
236 290 5
478 796 7
478 925 11
796 928 17
796 994 7
290 353 14
598 172 22
171 180 22
171 550 2
180 417 1
953 8 18
953 691 6
953 98 9
117 775 13
775 471 10
775 973 22
997 673 20
997 219 4
483 267 1
508 69 14
265 659 16
961 538 17
961 928 12
830 337 7
677 78 19
789 855 20
789 374 17
35 555 22
35 162 22
35 230 22
711 503 8
800 246 6
800 901 5
328 925 22
328 610 6
337 67 1
871 772 12
871 205 4
772 584 5
772 618 7
616 720 22
618 70 8
618 766 15
390 982 8
619 374 22
673 230 10
694 139 16
694 219 3
922 868 15
281 659 10
432 928 21
432 970 12
858 970 21
555 162 18
172 550 3
172 855 21
982 723 20
982 965 19
994 300 14
267 538 10
723 162 14
723 318 5
793 162 11
793 266 13
793 205 22
350 266 9
350 447 22
139 868 9
208 80 21
766 901 6
538 78 10
679 771 19
471 973 19
597 659 21
597 318 3
426 230 13
11 648 517
18 94 58
33 107 714
47 198 724
48 401 725
61 567 323
66 569 733
83 651 613
94 283 200
100 885 102
