100 1000 30 16
69 53 66 99 73 62 54 39 55 22 41 85 98 97 58 38
55 57 6
55 75 7
55 93 18
55 61 15
55 32 23
55 65 23
55 5 7
55 49 5
55 0 10
55 97 15
55 92 21
55 44 16
55 91 6
55 36 11
55 47 21
55 58 19
55 15 21
55 99 15
55 94 8
55 29 13
57 28 15
57 1 5
57 60 18
57 69 25
57 78 5
57 87 4
57 34 19
57 56 10
57 18 11
57 2 22
57 13 4
57 67 19
57 76 23
57 80 18
57 46 14
57 61 5
57 38 8
57 65 14
57 25 22
35 88 6
35 97 23
35 65 16
35 92 2
35 78 2
35 10 23
35 64 10
35 54 25
35 13 14
35 16 6
35 19 24
35 86 25
35 95 19
35 22 20
35 90 6
35 28 17
35 37 18
35 31 6
35 98 25
35 84 12
88 8 17
88 30 1
88 89 5
88 79 13
88 41 17
88 71 11
88 85 22
88 47 8
88 66 10
88 28 25
88 69 17
88 97 10
88 61 16
88 50 25
88 26 5
88 56 8
88 45 16
88 7 7
88 86 11
47 53 4
47 71 17
47 44 20
47 66 25
47 6 3
47 17 8
47 9 4
47 20 11
47 42 5
47 15 20
47 83 24
47 37 24
47 82 17
47 77 7
47 72 11
47 8 23
47 95 14
47 99 18
53 28 10
53 20 12
53 81 20
53 43 24
53 62 6
53 80 13
53 98 1
53 18 20
53 27 14
53 21 5
53 22 12
53 30 23
53 87 13
53 49 1
53 82 22
53 68 10
53 52 15
53 54 2
53 6 15
16 84 22
16 79 19
16 97 3
16 92 14
16 36 16
16 31 12
16 40 10
16 49 25
16 17 5
16 26 2
16 82 5
16 91 23
16 76 6
16 85 18
16 3 10
16 14 3
16 66 11
16 38 12
16 33 3
84 6 10
84 74 3
84 1 15
84 80 20
84 61 19
84 10 16
84 23 25
84 42 6
84 81 25
84 32 18
84 99 24
84 94 2
84 34 10
84 65 24
84 27 21
84 2 25
84 52 13
84 82 23
15 30 2
15 81 5
15 89 9
15 48 6
15 4 11
15 29 2
15 56 11
15 51 18
15 19 23
15 97 22
15 5 9
15 13 13
15 69 1
15 73 11
15 41 2
15 36 8
15 54 21
15 31 19
30 18 10
30 79 17
30 97 17
30 29 1
30 21 4
30 78 10
30 59 21
30 77 13
30 24 19
30 49 19
30 19 20
30 3 15
30 89 18
30 28 21
30 66 6
30 70 1
30 20 9
97 92 23
97 33 9
97 63 23
97 74 8
97 36 10
97 9 3
97 58 17
97 61 17
97 50 20
97 72 21
97 48 8
97 70 17
97 21 2
97 5 14
1 95 7
1 99 6
1 67 13
1 90 7
1 71 22
1 29 8
1 56 8
1 46 3
1 93 12
1 87 23
1 82 10
1 68 7
1 27 23
1 40 7
1 58 3
1 25 7
1 20 12
1 6 24
95 80 1
95 61 18
95 37 13
95 78 20
95 67 17
95 70 14
95 32 9
95 65 24
95 76 20
95 27 8
95 19 25
95 38 17
95 0 15
95 60 10
95 22 2
95 90 8
95 17 22
75 23 4
75 94 20
75 64 21
75 45 22
75 7 21
75 9 22
75 10 9
75 40 24
75 29 19
75 70 1
75 21 5
75 43 22
75 79 7
75 46 4
75 83 22
75 22 15
75 52 5
75 77 8
75 3 15
71 39 15
71 23 5
71 42 17
71 26 16
71 45 17
71 92 20
71 37 10
71 51 20
71 43 10
71 62 17
71 65 16
71 68 13
71 91 2
71 8 7
71 49 8
71 38 16
71 90 24
93 87 25
93 41 4
93 14 6
93 72 8
93 28 7
93 9 8
93 58 3
93 31 2
93 20 8
93 50 10
93 64 4
93 7 20
93 18 17
93 10 9
93 89 8
93 94 25
93 5 8
93 13 2
17 76 1
17 66 3
17 10 7
17 25 10
17 20 8
17 38 15
17 56 24
17 69 3
17 64 9
17 32 7
17 68 3
17 6 9
17 31 20
17 96 12
17 12 13
17 86 6
17 90 2
76 58 3
76 69 6
76 20 9
76 61 2
76 91 6
76 73 1
76 13 20
76 24 11
76 65 23
76 85 8
76 94 6
76 27 3
76 89 9
76 8 17
76 79 23
76 60 1
77 90 23
77 89 21
77 62 7
77 79 19
77 37 23
77 65 4
77 68 3
77 2 10
77 52 19
77 41 11
77 24 8
77 74 22
77 96 16
77 39 6
77 20 17
77 56 13
77 28 19
90 39 20
90 80 19
90 4 17
90 86 20
90 48 18
90 78 16
90 2 19
90 70 16
90 21 12
90 43 23
90 24 19
90 41 1
90 74 25
90 28 22
21 37 19
21 64 22
21 7 5
21 26 15
21 2 11
21 96 24
21 91 6
21 99 6
21 66 24
21 24 13
21 33 19
21 89 17
21 20 14
21 4 22
21 60 3
37 22 7
37 96 12
37 6 5
37 91 7
37 99 16
37 62 21
37 23 14
37 5 14
37 13 1
37 74 21
37 51 18
37 87 24
37 73 14
37 8 11
6 48 1
6 52 16
6 46 1
6 5 20
6 60 11
6 78 20
6 82 21
6 91 14
6 41 23
6 50 5
6 36 4
6 63 19
6 25 19
6 11 21
48 63 14
48 49 10
48 58 7
48 28 7
48 39 3
48 23 18
48 4 17
48 81 2
48 32 25
48 46 22
48 19 1
48 8 4
48 92 25
48 60 14
48 44 17
48 59 4
0 14 10
0 23 13
0 79 9
0 83 16
0 92 6
0 60 9
0 69 16
0 78 22
0 87 13
0 73 19
0 50 2
0 45 22
0 31 13
0 99 15
0 25 21
0 34 16
0 24 5
0 19 22
14 3 9
14 92 12
14 96 17
14 64 20
14 59 5
14 45 22
14 22 17
14 44 12
14 7 5
14 2 18
14 72 5
14 39 13
14 34 10
14 43 16
14 8 24
14 20 21
14 29 5
63 51 13
63 42 25
63 4 19
63 43 20
63 24 15
63 54 7
63 89 2
63 87 8
63 22 12
63 28 1
63 58 18
63 96 2
63 72 11
63 25 12
63 26 13
63 45 6
63 66 14
40 50 15
40 59 21
40 58 19
40 2 6
40 44 20
40 72 20
40 81 23
40 99 23
40 89 2
40 43 12
40 51 19
40 9 1
40 98 19
40 83 22
40 26 23
40 60 3
40 18 21
50 5 16
50 85 14
50 80 17
50 52 8
50 46 5
50 38 19
50 11 1
50 41 10
50 74 10
50 69 15
50 96 4
50 82 25
50 34 2
50 10 5
59 29 4
59 32 13
59 46 13
59 96 22
59 19 12
59 86 13
59 3 13
59 85 14
59 94 5
59 44 21
59 66 4
59 42 12
59 98 16
59 7 25
59 18 15
59 92 13
92 13 7
92 27 10
92 49 23
92 22 8
92 36 21
92 9 23
92 4 1
92 45 6
92 86 23
92 78 9
92 98 22
23 22 6
23 67 19
23 85 18
23 25 13
23 34 9
23 29 4
23 24 13
23 28 15
23 74 23
23 46 5
23 32 14
23 54 2
23 26 19
23 19 21
29 45 19
29 31 9
29 91 14
29 12 11
29 86 24
29 89 16
29 56 24
29 33 14
29 51 2
29 11 1
29 74 3
29 3 7
80 81 24
80 39 23
80 12 20
80 70 1
80 43 7
80 32 13
80 83 13
80 13 17
80 54 3
80 82 11
80 65 9
80 8 22
80 11 20
80 79 1
64 62 15
64 85 1
64 46 8
64 98 15
64 38 13
64 66 24
64 70 8
64 41 22
64 33 4
64 31 22
64 12 15
64 74 25
64 91 4
64 56 10
41 42 10
41 2 14
41 60 1
41 87 5
41 46 21
41 73 12
41 36 25
41 91 20
41 94 18
41 7 19
41 56 2
41 65 16
42 86 5
42 67 4
42 39 25
42 52 10
42 56 1
42 12 11
42 2 15
42 83 17
42 60 2
42 73 7
42 54 14
42 49 20
42 8 25
42 11 1
81 87 19
81 69 8
81 91 12
81 78 13
81 5 14
81 24 4
81 68 11
81 52 2
81 44 21
81 33 3
81 72 4
81 25 17
81 66 16
81 83 22
87 13 9
87 24 7
87 11 19
87 22 15
87 52 8
87 3 7
87 33 17
87 12 7
87 10 1
87 78 23
87 67 10
25 34 23
25 98 3
25 65 20
25 27 11
25 36 2
25 22 5
25 13 20
25 68 8
25 99 9
25 85 19
25 44 2
25 66 12
34 9 17
34 67 12
34 70 3
34 18 11
34 7 7
34 32 11
34 5 21
34 74 8
34 19 8
34 8 6
34 11 9
34 22 19
34 44 9
62 83 3
62 68 12
62 31 11
62 61 25
62 12 19
62 18 2
62 85 3
62 13 18
62 70 3
62 65 8
62 8 15
62 19 3
62 11 25
62 3 22
62 33 8
83 24 7
83 46 20
83 38 1
83 11 18
83 52 10
83 36 20
83 39 9
83 4 6
83 45 13
83 56 15
83 78 8
83 32 14
44 12 17
44 98 4
44 5 16
44 60 17
44 8 4
44 19 12
44 22 21
44 3 8
44 86 15
44 58 8
44 61 21
2 45 15
2 13 17
2 31 6
2 8 10
2 26 7
2 58 19
2 38 11
2 18 11
2 4 7
2 98 22
2 51 2
54 79 13
54 69 24
54 51 2
54 82 17
54 68 16
54 27 4
54 49 19
54 96 2
54 72 24
54 58 17
54 94 20
54 89 18
54 61 3
79 38 6
79 61 4
79 51 9
79 43 2
79 99 2
79 68 20
79 85 14
79 78 20
79 67 10
79 89 4
79 73 21
33 56 19
33 3 18
33 9 25
33 20 3
33 65 16
33 74 8
33 60 9
33 68 22
33 45 3
33 5 15
33 27 12
33 39 25
56 36 11
56 86 3
56 85 11
56 9 15
56 32 10
56 74 16
56 49 16
56 22 5
39 98 3
39 43 22
39 52 24
39 69 25
39 96 6
39 73 15
39 91 25
39 68 19
39 49 14
39 19 25
39 3 16
31 86 15
31 99 2
31 61 15
31 65 14
31 51 5
31 19 10
31 22 2
31 9 1
31 45 11
31 49 25
86 61 15
86 4 3
86 18 19
86 89 7
86 43 7
86 19 7
86 49 2
86 11 16
86 22 4
22 32 20
22 78 3
22 85 10
22 98 5
3 4 24
3 60 8
3 68 9
3 27 9
3 36 13
3 7 19
3 89 23
3 61 8
3 38 15
43 69 19
43 96 24
43 58 22
43 4 23
43 99 23
43 89 6
43 65 4
43 51 1
43 11 25
69 85 20
69 94 17
69 46 14
69 8 11
69 66 19
69 28 1
69 82 10
69 4 13
69 26 1
74 52 9
74 72 11
74 82 4
74 51 14
74 26 19
74 85 9
74 94 22
74 89 17
65 24 12
65 8 7
65 9 7
65 85 17
65 4 8
24 36 15
24 26 12
24 4 16
24 7 25
24 94 11
24 10 14
24 89 17
24 28 21
96 99 19
96 73 24
96 98 7
96 46 16
96 52 14
96 26 21
96 67 1
96 89 16
96 12 9
61 72 11
61 94 12
61 66 21
61 82 20
61 27 1
61 11 20
13 60 12
13 46 22
13 8 13
13 99 15
13 66 22
13 20 11
13 10 22
13 4 24
7 11 25
7 67 5
7 10 21
7 98 17
7 51 11
7 60 11
7 68 16
7 18 17
7 36 4
7 49 13
99 18 7
99 78 16
99 51 21
99 49 14
99 11 19
99 98 22
28 70 24
28 60 18
28 10 14
28 36 7
28 45 2
28 5 2
28 72 15
66 36 6
66 9 19
66 73 16
66 27 7
66 46 13
66 52 18
36 70 19
36 32 10
36 45 1
36 12 17
36 85 18
18 91 2
18 67 18
18 89 13
18 19 12
18 70 4
18 12 18
18 73 5
18 68 4
49 4 14
49 72 5
49 67 9
49 94 1
49 70 10
5 78 16
5 73 19
5 68 2
5 72 4
5 94 3
5 52 11
5 10 22
5 9 16
78 19 15
78 38 13
78 9 10
78 58 6
78 12 8
45 32 16
45 67 4
45 85 21
45 11 16
45 68 12
45 58 3
58 10 7
58 32 25
58 19 11
58 38 20
58 11 10
58 26 2
52 20 22
52 12 16
52 73 15
52 82 24
52 68 19
9 85 24
9 11 1
9 38 25
9 27 13
9 26 13
9 82 14
85 4 17
85 27 15
19 98 9
19 51 12
19 11 19
98 8 9
98 82 17
98 73 25
98 26 8
98 67 16
8 70 25
8 73 18
8 32 4
91 32 12
91 94 22
91 10 15
91 70 24
91 11 19
91 72 15
91 20 18
20 72 10
20 67 25
20 12 15
20 51 7
20 82 10
20 68 18
72 26 15
72 27 21
72 70 17
72 46 21
72 38 7
10 26 5
10 67 20
10 38 2
10 60 15
10 46 16
10 73 18
73 32 9
73 27 1
73 12 1
73 26 23
32 12 24
32 27 6
4 82 16
4 94 10
4 60 17
82 12 5
82 94 7
82 67 11
60 38 2
60 12 14
67 51 18
67 27 25
67 38 13
70 38 11
70 26 12
70 94 13
70 46 6
38 89 3
94 12 4
94 51 19
26 68 21
51 11 2
51 27 2
46 12 23
46 27 6
1 98 95
3 79 97
6 47 71
10 87 18
13 95 12
19 48 75
22 88 30
22 57 1
26 16 30
27 37 63
32 4 28
33 0 67
34 56 62
37 42 14
41 32 95
41 99 59
44 86 69
51 93 84
58 33 90
65 21 17
69 35 68
77 78 93
77 30 73
79 7 4
84 28 55
87 2 76
87 34 55
93 75 91
94 76 6
95 50 37
