1000 1500 21 16
705 815 255 143 59 833 169 893 264 970 980 728 436 716 37 391
377 773 5
377 291 2
377 845 8
773 553 7
773 827 3
212 971 1
212 934 9
212 651 7
971 76 1
971 761 6
188 205 4
188 311 2
188 215 6
205 0 5
205 648 6
215 976 5
215 207 1
976 312 5
976 210 5
404 583 7
404 684 9
404 411 4
583 693 6
583 531 9
504 670 5
504 112 2
504 153 9
670 248 9
670 870 2
91 272 5
91 30 6
91 1 5
272 791 5
272 58 5
484 612 1
484 339 6
484 732 8
612 978 7
612 902 6
896 965 6
896 545 3
896 727 9
965 127 2
965 319 7
359 697 1
359 581 5
359 716 8
697 100 7
697 851 6
6 313 4
6 524 1
6 932 3
313 621 3
313 24 7
355 848 4
355 720 7
355 664 9
848 90 3
848 982 8
1 90 6
1 630 2
90 174 1
214 234 9
214 105 2
214 419 9
234 919 1
234 115 2
42 882 1
42 887 9
42 162 4
882 398 8
882 857 9
280 445 2
280 811 5
280 41 6
445 270 9
445 3 8
182 776 6
182 98 9
182 289 6
776 724 7
776 177 6
183 512 4
183 216 6
183 373 6
512 211 6
512 556 8
537 595 1
537 811 6
537 56 2
595 502 3
595 478 7
729 765 7
729 13 2
729 462 3
765 892 8
765 941 1
147 409 8
147 623 1
147 184 5
409 77 9
409 44 9
261 431 6
261 871 2
261 87 2
431 635 3
431 290 7
386 691 1
386 105 9
386 62 2
691 885 4
691 649 9
366 862 6
366 370 1
366 794 8
862 477 5
862 440 3
9 741 1
9 906 4
9 479 5
741 233 8
741 714 5
143 933 9
143 708 4
143 181 2
933 768 6
933 658 8
282 719 9
282 997 3
282 682 1
719 575 7
719 131 7
382 577 2
382 818 7
382 731 1
577 402 3
577 815 1
327 641 2
327 763 4
327 200 2
641 357 2
641 307 6
662 860 1
662 201 9
662 340 4
860 875 4
860 471 7
325 717 4
325 279 2
325 333 6
717 957 9
717 493 8
41 958 8
41 633 2
958 130 5
958 876 3
71 163 1
71 990 1
71 324 2
163 422 3
163 789 7
281 610 1
281 335 5
281 40 2
610 668 8
610 195 5
24 725 5
24 837 1
725 764 6
725 749 3
157 580 6
157 440 5
157 501 2
580 901 8
580 26 4
65 88 7
65 600 7
65 306 7
88 89 6
88 171 2
462 807 2
462 430 2
807 568 9
807 412 4
357 866 9
357 894 8
552 700 2
552 361 9
552 840 1
700 329 5
700 117 6
349 786 9
349 414 6
349 70 3
786 754 8
786 268 7
239 914 4
239 472 3
239 26 3
914 934 8
914 750 5
107 615 1
107 627 3
107 528 2
615 103 6
615 286 7
709 949 7
709 668 2
709 23 8
949 620 1
949 811 3
654 869 9
654 396 6
654 350 1
869 392 1
869 881 8
392 563 8
392 501 8
204 669 7
204 636 8
204 955 3
669 273 9
669 97 2
997 908 5
997 534 6
820 901 1
820 224 6
820 843 3
901 294 9
329 802 8
329 626 2
13 817 5
13 756 2
100 54 4
100 984 9
936 969 6
936 413 3
936 628 6
969 96 5
969 58 7
339 690 1
339 394 5
125 232 5
125 206 5
125 861 8
232 614 8
232 399 3
121 527 7
121 110 1
121 657 8
527 230 8
527 98 9
356 393 4
356 296 2
356 808 3
393 5 9
393 233 6
821 838 8
821 761 2
821 336 6
838 317 3
838 785 7
800 815 7
800 135 2
800 432 3
815 99 9
96 619 7
96 371 2
619 802 9
619 418 4
83 271 7
83 990 1
83 959 9
271 881 3
271 665 2
722 752 8
722 928 9
722 943 2
752 538 2
752 909 5
335 310 5
335 916 3
167 270 2
167 550 6
167 652 8
270 456 3
260 806 9
260 196 1
260 124 9
806 152 9
806 81 3
84 995 1
84 584 3
84 825 8
995 951 1
995 364 5
62 827 8
62 733 6
827 628 2
673 715 6
673 992 9
673 866 6
715 913 3
715 410 8
685 955 3
685 912 6
685 269 7
955 410 8
296 680 5
296 28 6
67 533 4
67 679 7
67 892 3
533 324 2
533 831 3
102 225 1
102 368 3
102 85 4
225 642 6
225 98 9
217 966 8
217 968 4
217 226 8
966 324 9
966 922 3
885 279 7
885 81 8
303 660 6
303 516 7
303 221 4
660 103 8
660 94 9
692 850 3
692 423 7
692 338 6
850 257 3
850 586 2
668 189 3
22 381 1
22 369 3
22 480 7
381 424 5
381 95 6
415 721 9
415 420 7
415 841 4
721 962 2
721 930 6
728 952 8
728 69 8
728 534 9
952 474 3
952 494 1
702 900 7
702 959 5
702 479 5
900 737 9
900 112 2
26 351 1
351 252 1
351 258 1
171 626 3
171 989 9
626 461 9
516 525 8
516 825 5
164 321 7
164 389 3
164 449 7
321 554 8
321 127 4
16 194 5
16 877 7
16 104 9
194 633 8
194 567 3
110 144 7
110 657 1
379 920 4
379 436 6
379 284 2
920 858 9
920 652 7
387 515 5
387 991 7
387 624 1
515 126 8
515 505 4
684 2 7
684 307 7
435 671 9
435 32 4
435 275 5
671 461 3
671 756 2
45 113 2
45 584 4
45 573 3
113 18 3
113 564 3
106 846 8
106 794 5
106 592 7
846 935 7
846 639 2
25 629 3
25 704 4
25 295 6
629 485 1
629 266 9
472 33 7
472 731 5
434 833 8
434 984 5
434 774 1
833 622 3
833 414 6
122 975 3
122 140 2
122 499 7
975 726 4
975 391 8
636 624 2
636 809 1
93 948 2
93 178 5
93 749 7
948 978 4
948 138 4
539 742 8
539 138 9
539 47 2
742 374 7
742 847 3
38 460 1
38 925 1
38 413 4
460 558 2
460 275 4
703 993 2
703 630 6
703 293 5
993 337 7
993 397 7
383 723 5
383 805 3
383 30 7
723 767 3
723 783 1
111 938 4
111 784 8
111 679 4
938 159 3
938 348 1
989 930 6
989 568 6
56 593 5
56 796 8
593 267 8
593 27 3
886 934 3
886 792 5
886 286 7
817 946 5
817 488 6
576 894 2
576 658 5
576 553 3
894 701 8
0 469 6
0 51 9
469 506 2
469 306 1
319 594 8
319 706 2
594 676 8
594 696 5
19 302 8
19 592 6
19 276 4
302 880 7
302 43 8
859 953 4
859 650 5
859 840 2
953 640 5
953 536 3
475 698 2
475 889 8
475 652 9
698 849 5
698 184 2
666 823 5
666 812 5
666 804 1
823 481 2
823 771 7
678 797 8
678 82 1
678 424 6
797 604 9
797 119 3
609 963 6
609 75 8
609 384 4
963 361 9
963 520 6
11 828 8
11 228 9
11 53 9
828 588 8
828 137 3
195 420 4
195 142 2
420 907 3
448 600 8
448 836 3
448 170 6
600 185 4
549 768 4
549 362 5
549 478 8
768 704 1
202 544 9
202 530 3
202 87 3
544 78 7
544 893 8
146 500 6
146 681 3
146 880 2
500 332 9
500 439 4
532 944 3
532 551 6
532 397 7
944 363 3
944 764 4
425 738 7
425 316 5
425 40 2
738 513 8
738 514 7
514 932 1
514 219 2
932 760 5
124 517 9
124 954 4
517 834 3
517 961 5
388 972 9
388 58 2
388 736 7
972 129 7
972 980 1
57 198 7
57 853 1
57 856 6
198 861 7
198 128 8
931 991 1
931 676 7
931 601 5
991 844 1
192 917 1
192 707 1
192 981 1
917 565 9
917 467 7
279 968 2
620 311 4
620 798 9
99 954 2
99 177 8
954 521 7
287 745 8
287 683 8
287 185 5
745 48 2
745 134 9
159 596 4
159 347 7
596 567 5
596 653 5
407 432 7
407 582 1
407 680 9
432 461 7
784 687 9
784 764 3
734 912 9
734 795 9
734 983 9
912 775 6
545 563 9
545 772 5
145 288 1
145 873 9
145 246 5
288 133 9
288 802 8
834 196 1
834 643 2
422 467 1
422 525 5
946 401 7
946 208 7
5 571 7
5 755 8
297 687 9
297 959 3
297 585 3
687 368 9
414 943 5
943 291 8
354 812 7
354 803 9
354 985 3
812 344 3
89 508 8
89 235 3
508 353 7
508 406 9
572 891 4
572 747 3
572 964 7
891 805 3
891 46 2
498 676 6
498 456 4
498 17 5
274 819 8
274 315 4
274 150 3
819 85 1
819 733 5
541 903 5
541 950 4
541 832 5
903 710 4
903 562 8
332 73 7
332 345 6
747 97 3
747 416 9
463 611 3
463 240 2
463 39 3
611 505 6
611 77 8
990 238 1
94 299 6
94 864 9
299 551 7
299 396 9
312 378 4
312 889 1
378 43 4
378 405 5
605 780 7
605 268 4
605 853 6
780 536 5
780 568 2
153 650 2
153 131 4
650 249 7
132 447 7
132 518 7
132 782 1
447 863 9
447 156 9
253 328 7
253 642 7
253 323 6
328 160 9
328 803 4
79 441 2
79 73 6
79 249 6
441 665 6
441 252 7
209 816 4
209 622 1
209 55 7
816 433 2
816 858 7
957 292 2
957 236 1
180 789 7
180 591 5
180 633 9
789 345 3
529 906 8
529 631 3
529 464 9
906 893 6
126 781 1
126 999 1
781 49 1
781 795 7
667 727 3
667 718 2
667 987 7
727 255 2
129 513 9
129 693 5
278 686 8
278 264 2
278 340 5
686 222 2
686 300 4
831 835 6
831 588 4
835 826 1
835 843 7
928 899 5
928 316 9
511 744 2
511 491 5
511 249 6
744 208 2
744 47 6
635 939 1
635 264 4
189 464 7
189 14 7
464 793 8
638 705 6
638 373 3
638 754 4
705 486 7
705 979 9
316 824 3
621 109 9
621 118 8
760 418 9
760 947 2
46 951 6
46 267 5
951 829 1
48 466 6
48 713 5
466 144 5
466 565 9
223 318 8
223 375 1
223 141 4
318 883 3
318 832 6
875 935 6
875 52 3
649 663 4
649 598 8
59 597 2
59 216 3
59 50 7
597 337 7
597 248 6
273 142 7
273 710 7
849 998 6
849 771 4
222 474 7
222 455 8
474 868 5
661 930 4
661 385 1
661 782 7
631 330 5
631 940 5
86 470 2
86 35 3
86 176 3
470 473 4
470 929 5
402 935 6
402 564 5
389 360 7
389 865 3
95 555 4
95 482 8
555 656 9
555 980 6
265 557 1
265 165 8
265 133 1
557 689 8
557 639 7
490 904 6
490 994 4
490 755 1
904 417 4
904 300 3
81 3 8
61 269 9
61 625 6
61 309 8
269 221 3
375 694 9
375 236 4
694 3 6
694 851 4
575 263 4
575 15 1
680 921 9
921 136 7
921 161 9
419 471 2
419 574 5
471 926 4
487 642 3
487 403 1
487 538 7
238 880 2
238 51 4
877 197 5
877 485 4
540 617 6
540 829 5
540 499 2
617 526 1
617 854 9
117 836 8
117 235 5
779 899 9
779 647 2
779 221 9
899 197 1
256 858 4
256 310 2
256 173 8
480 868 1
480 713 3
868 63 5
525 825 2
814 893 4
814 315 6
814 457 9
140 507 7
140 996 1
847 890 7
847 28 8
890 986 4
890 888 7
267 739 8
82 385 3
82 980 9
477 430 3
477 826 3
131 254 3
978 548 8
627 505 7
627 2 1
707 718 4
707 135 8
918 927 4
918 342 1
918 634 7
927 55 7
927 898 6
333 423 5
333 298 7
440 808 3
808 656 6
373 699 6
370 586 4
370 251 1
588 262 8
426 766 4
426 263 1
426 947 2
766 142 7
766 603 5
39 240 7
39 429 8
240 28 4
585 759 2
585 790 9
759 20 3
759 109 8
758 830 1
758 430 7
758 656 8
830 394 4
830 960 7
30 688 2
986 726 1
986 116 2
196 442 7
581 645 5
581 790 4
645 108 4
645 309 5
873 87 9
873 353 8
992 449 5
992 926 8
277 763 9
277 190 7
277 547 3
763 451 3
695 787 2
695 452 7
695 155 7
787 974 6
787 168 6
309 343 8
343 637 6
343 453 3
250 782 8
250 983 1
250 777 2
372 628 8
372 53 5
372 177 9
330 916 3
330 718 4
27 646 6
27 736 4
207 560 3
207 148 1
560 876 6
560 166 6
148 245 8
148 411 6
245 326 3
245 18 1
135 421 1
255 753 1
255 385 5
753 939 9
753 791 2
64 367 6
64 579 4
64 439 5
367 553 3
367 761 8
735 837 4
735 884 5
735 543 3
837 446 5
424 361 4
368 491 4
491 284 5
679 139 2
216 591 3
968 101 6
78 149 8
78 867 9
178 602 4
178 769 8
637 916 8
637 751 6
863 999 8
863 292 5
999 556 8
524 421 6
524 502 8
608 974 6
608 72 8
608 495 9
974 571 7
530 646 6
530 482 3
646 522 2
152 614 4
152 502 5
614 788 4
172 443 1
172 542 4
172 613 6
443 403 8
443 750 4
724 813 8
724 262 7
750 283 1
401 818 3
401 599 2
144 550 6
114 852 3
114 259 8
114 49 1
852 292 6
852 350 3
693 428 8
314 998 6
314 231 8
314 712 6
998 720 8
291 713 9
592 977 2
10 772 1
10 492 5
10 97 4
772 224 5
311 37 8
75 338 4
75 263 1
485 412 3
68 569 1
68 905 1
68 246 8
569 476 1
569 37 3
69 305 8
69 796 1
305 643 1
305 573 4
411 706 7
247 842 5
247 942 5
247 31 2
842 599 3
842 632 5
168 283 3
168 187 3
283 416 7
829 810 2
219 341 3
219 674 6
266 446 7
266 468 5
446 501 6
570 973 4
570 613 3
570 8 6
973 193 9
973 566 1
864 870 6
864 987 9
315 603 2
603 616 8
228 455 1
228 579 4
455 32 9
499 526 4
563 872 9
483 681 4
483 246 6
483 586 9
681 531 8
119 813 3
119 408 8
813 331 7
181 644 3
181 503 2
644 836 6
644 566 7
138 60 2
454 510 2
454 731 1
454 701 2
510 535 4
510 307 6
248 856 5
15 468 6
15 589 7
468 602 4
396 285 5
647 910 9
647 197 5
910 672 9
910 801 9
334 450 3
334 770 4
334 322 8
450 360 6
450 578 3
623 241 1
623 902 7
427 497 7
427 632 8
427 788 2
497 406 9
497 590 4
589 301 8
589 774 6
737 839 9
737 92 1
839 996 8
839 981 4
528 33 2
528 116 3
80 690 9
80 857 9
80 417 9
690 352 8
701 922 1
224 405 8
36 769 5
36 4 9
36 442 6
769 542 1
926 844 7
2 979 7
275 907 3
907 746 1
397 604 8
604 960 5
913 503 8
913 982 8
579 689 2
63 736 9
63 289 5
233 342 7
199 251 3
199 905 9
199 365 7
251 244 7
12 919 7
12 358 9
12 854 9
919 66 8
870 613 1
630 804 6
408 739 1
408 391 5
739 915 6
206 640 5
206 231 2
640 867 4
231 672 2
792 116 7
792 551 6
536 711 9
179 659 9
179 598 3
179 905 1
659 767 3
659 322 3
101 76 5
101 564 5
115 494 7
115 190 2
494 879 6
236 924 9
237 340 3
237 32 1
237 268 5
535 994 1
535 810 2
688 770 8
688 453 6
770 898 4
417 801 2
801 210 2
622 37 9
345 794 4
112 587 7
587 675 3
587 350 3
546 699 8
546 582 8
546 639 5
699 369 4
856 871 8
190 134 4
394 161 1
118 746 4
118 160 8
746 208 2
200 154 8
200 793 5
158 410 4
158 732 9
158 72 7
34 380 8
34 193 7
34 451 7
380 582 8
380 74 7
881 923 3
103 888 2
888 191 5
925 996 9
925 17 5
898 979 1
53 658 8
561 799 4
561 708 5
561 191 5
799 123 9
799 23 2
259 590 1
259 832 9
136 947 7
136 169 6
257 573 7
257 740 4
23 751 6
751 363 2
876 105 8
310 664 2
664 348 6
591 449 9
262 889 9
342 295 2
322 531 6
606 964 6
606 908 2
606 655 8
964 994 6
49 879 5
712 945 8
712 874 7
945 940 2
945 128 1
708 518 3
127 173 9
162 663 2
162 428 3
663 227 5
634 104 5
634 554 1
548 878 6
548 358 9
878 229 2
878 519 1
203 960 9
203 874 2
203 433 6
286 320 2
320 984 5
320 149 9
76 897 5
400 607 7
400 120 4
400 74 7
607 625 4
607 726 9
317 451 1
317 31 7
493 655 8
493 740 5
655 285 4
344 675 2
344 230 3
675 230 7
879 421 2
571 362 8
793 803 8
733 956 9
657 762 4
762 4 5
762 298 8
210 824 3
264 791 1
353 227 8
201 496 1
201 967 8
496 755 9
496 987 9
492 559 8
492 289 2
559 166 8
559 924 3
341 884 2
341 523 5
884 915 2
488 674 6
488 961 9
674 55 1
574 855 6
574 390 5
438 444 1
438 151 1
438 133 5
444 777 9
444 967 8
363 818 9
950 141 4
950 565 5
689 785 4
908 276 6
476 156 8
476 962 7
187 711 1
187 523 1
193 453 6
51 982 6
258 346 4
258 883 1
346 352 3
346 981 1
358 433 9
706 384 5
374 413 1
374 473 2
416 495 2
495 398 7
567 677 2
506 92 2
506 70 2
939 47 9
526 897 8
897 543 9
14 865 1
14 128 7
865 7 1
503 783 6
123 134 9
123 213 9
520 853 1
520 481 1
211 458 7
211 778 6
771 778 4
137 459 3
137 141 3
173 743 3
191 390 3
390 428 7
161 632 3
452 174 8
452 754 1
804 166 7
151 31 6
151 73 8
77 962 4
254 716 5
254 457 4
716 139 4
155 365 5
155 743 6
365 648 7
35 937 5
35 149 7
937 809 6
937 757 8
795 304 4
578 956 2
578 18 6
956 186 5
942 243 4
942 867 1
983 730 7
294 909 5
294 60 3
909 290 6
436 826 5
436 696 2
556 696 9
108 323 8
108 130 2
323 822 9
229 824 7
229 241 6
241 892 6
298 977 6
977 822 3
43 988 2
54 457 3
54 293 1
150 482 6
150 651 1
479 599 1
790 809 4
805 672 3
874 558 2
154 304 7
154 336 8
481 406 5
796 376 5
648 810 3
720 72 2
276 412 4
360 911 5
507 522 7
507 844 3
304 226 5
543 437 7
961 855 5
8 509 2
8 60 3
509 74 7
509 682 5
683 871 2
683 429 3
749 857 6
4 740 1
308 513 1
308 85 2
308 714 2
176 602 6
176 227 6
915 845 4
405 788 7
523 295 1
29 522 3
29 748 6
29 714 5
20 967 7
20 244 2
33 521 9
391 730 5
730 52 8
542 872 7
940 285 3
348 395 8
395 924 1
395 941 7
777 301 5
50 185 9
50 970 6
840 252 3
290 643 9
866 439 6
109 783 5
331 235 4
331 186 3
851 970 5
970 44 5
17 21 6
21 929 7
21 423 9
437 872 6
437 92 7
362 175 2
243 371 7
243 218 4
130 284 7
486 489 2
486 547 9
347 756 4
347 988 6
538 226 1
682 467 1
169 625 7
169 7 8
473 911 4
732 120 2
798 70 3
798 665 3
174 442 8
186 242 6
883 478 1
558 774 1
767 40 1
338 139 5
887 895 1
887 489 3
895 985 7
895 841 8
519 584 2
519 399 2
156 653 6
653 923 6
300 458 3
785 66 2
547 220 2
458 616 4
7 170 3
170 988 1
175 369 7
175 429 2
562 778 4
562 534 4
518 554 1
364 384 5
364 550 2
854 242 1
590 601 1
601 521 3
775 456 3
775 306 7
418 371 2
403 120 2
911 923 6
160 618 6
929 213 4
242 293 5
376 748 3
376 598 1
748 855 1
352 44 1
845 566 4
398 651 5
337 757 5
184 757 9
843 104 7
710 985 1
743 861 4
213 465 7
244 66 2
922 704 3
165 465 8
165 841 9
465 618 3
618 326 7
902 459 9
822 220 3
459 616 7
399 218 2
336 624 4
711 301 6
326 52 8
489 677 4
218 941 4
220 677 3
7 284 130
15 737 315
16 729 562
16 893 49
22 548 893
23 159 733
24 405 139
35 506 302
36 250 415
40 39 60
55 330 72
66 426 146
66 911 734
73 238 314
74 30 853
77 6 0
77 531 828
78 446 273
89 623 530
95 581 691
96 766 267
