200 1956 89 20
77 34 56 93 91 155 30 78 29 59 4 193 85 151 47 66 103 17 32 23
0 6 2
0 31 2
0 41 1
0 69 2
0 76 2
0 80 2
0 95 2
0 99 2
0 106 1
0 112 2
0 113 1
0 116 1
0 120 1
0 131 2
0 133 2
0 134 2
0 158 2
0 161 2
0 182 2
1 8 1
1 15 1
1 20 2
1 21 2
1 37 1
1 39 2
1 48 2
1 51 1
1 62 2
1 63 2
1 64 2
1 65 2
1 67 1
1 82 1
1 94 1
1 97 1
1 104 2
1 122 2
1 149 1
1 167 1
1 170 1
1 174 1
1 182 1
1 183 2
1 189 2
1 195 2
1 199 1
2 34 1
2 42 1
2 43 2
2 47 2
2 76 1
2 84 2
2 90 1
2 97 2
2 99 1
2 100 2
2 104 2
2 106 1
2 110 1
2 112 2
2 130 1
2 147 1
2 154 1
2 157 1
2 161 2
3 12 1
3 14 1
3 15 1
3 28 1
3 29 1
3 31 2
3 44 2
3 55 1
3 70 2
3 72 2
3 75 2
3 81 1
3 83 2
3 105 2
3 116 2
3 132 1
3 136 2
3 137 1
3 166 1
3 169 2
3 175 2
3 183 1
3 198 1
4 17 2
4 27 1
4 42 1
4 48 1
4 89 2
4 107 1
4 121 2
4 138 1
4 141 1
4 143 1
4 148 2
4 155 2
4 167 2
4 170 2
4 197 1
5 9 2
5 13 1
5 15 2
5 37 2
5 51 2
5 52 1
5 64 2
5 70 2
5 79 1
5 86 1
5 88 1
5 110 1
5 120 2
5 125 2
5 127 1
5 130 1
5 135 2
5 147 1
5 158 1
5 161 1
5 166 2
5 175 2
5 177 1
5 188 1
5 190 1
6 8 1
6 38 2
6 47 1
6 79 1
6 93 1
6 95 2
6 103 2
6 113 1
6 119 1
6 127 1
6 129 2
6 137 2
6 152 2
6 156 2
6 169 1
6 178 2
7 18 1
7 21 2
7 35 1
7 46 1
7 67 2
7 81 2
7 83 2
7 91 1
7 95 1
7 96 1
7 146 2
7 154 1
7 156 1
7 162 2
7 171 2
7 173 2
7 179 2
7 180 2
7 183 2
8 9 2
8 10 2
8 25 2
8 26 2
8 31 2
8 32 1
8 37 2
8 62 1
8 70 1
8 74 1
8 90 2
8 127 2
8 135 2
8 150 2
8 155 1
8 159 1
8 197 1
8 199 1
9 13 1
9 27 2
9 44 2
9 46 2
9 52 2
9 60 2
9 61 1
9 72 2
9 86 1
9 97 1
9 110 2
9 127 1
9 128 2
9 147 2
9 172 2
9 182 2
10 27 2
10 28 2
10 34 2
10 41 1
10 56 2
10 58 1
10 59 1
10 67 2
10 70 2
10 84 1
10 99 1
10 144 1
10 154 1
10 166 2
10 170 1
10 180 2
10 186 1
10 199 2
11 16 1
11 18 1
11 24 2
11 29 1
11 34 1
11 46 2
11 52 2
11 82 1
11 86 2
11 102 1
11 107 2
11 111 2
11 112 1
11 116 1
11 131 2
11 144 2
11 158 2
11 159 1
11 160 2
12 25 1
12 26 1
12 31 1
12 52 1
12 76 1
12 81 1
12 85 2
12 97 1
12 101 1
12 105 1
12 110 1
12 111 2
12 114 2
12 119 2
12 125 1
12 126 1
12 140 2
12 146 2
12 177 2
12 194 2
13 18 1
13 20 1
13 42 1
13 45 1
13 58 2
13 69 1
13 72 2
13 105 1
13 106 1
13 113 1
13 120 2
13 141 2
13 156 1
13 172 1
13 174 2
13 176 1
13 181 2
13 186 1
13 187 2
13 191 2
13 194 2
13 195 2
13 197 2
14 44 1
14 46 2
14 58 1
14 66 2
14 78 1
14 79 1
14 100 2
14 105 1
14 111 2
14 123 2
14 129 2
14 140 1
14 146 2
14 147 1
14 148 1
14 167 2
14 173 2
14 188 2
15 32 1
15 47 2
15 63 2
15 75 2
15 87 2
15 94 1
15 98 1
15 105 1
15 110 2
15 133 2
15 135 1
15 138 2
15 152 1
15 155 2
15 158 1
15 174 1
15 177 1
15 181 2
15 182 1
16 23 1
16 24 1
16 32 2
16 33 1
16 54 1
16 81 2
16 82 1
16 111 1
16 124 2
16 127 1
16 134 1
16 135 1
16 158 1
16 166 2
16 169 2
16 170 2
16 181 2
16 196 1
17 42 2
17 44 2
17 48 1
17 52 1
17 72 1
17 77 1
17 85 1
17 100 1
17 112 1
17 149 1
17 151 1
17 170 2
17 171 2
17 176 2
17 182 2
17 189 1
17 196 1
17 198 1
17 199 1
18 20 2
18 57 1
18 65 2
18 68 2
18 69 2
18 79 2
18 96 2
18 101 2
18 108 2
18 114 2
18 118 1
18 122 1
18 162 1
18 166 2
18 178 2
18 180 1
19 43 2
19 47 1
19 52 2
19 60 2
19 65 1
19 74 2
19 82 1
19 101 2
19 102 1
19 113 2
19 114 2
19 130 1
19 138 2
19 151 2
19 153 2
19 154 1
19 156 1
19 181 1
19 195 1
19 197 1
19 198 1
20 45 1
20 47 1
20 67 2
20 73 1
20 81 2
20 91 2
20 98 2
20 108 1
20 109 2
20 111 1
20 124 1
20 128 1
20 149 1
20 165 1
20 190 2
20 192 2
20 193 1
20 198 2
21 28 2
21 32 1
21 67 1
21 69 2
21 77 2
21 87 2
21 90 2
21 107 2
21 120 1
21 124 2
21 156 2
21 164 2
21 166 2
21 171 2
21 173 1
21 176 2
21 191 1
21 192 2
21 193 2
21 199 2
22 25 1
22 34 2
22 50 2
22 65 2
22 66 1
22 98 2
22 111 1
22 112 2
22 121 1
22 125 2
22 128 2
22 134 2
22 137 2
22 156 1
22 158 1
22 179 2
22 184 2
22 185 2
22 187 2
22 190 2
22 193 2
22 199 1
23 25 1
23 32 1
23 40 1
23 48 2
23 53 2
23 62 2
23 65 1
23 71 1
23 79 2
23 80 1
23 82 1
23 86 1
23 88 1
23 125 1
23 133 1
23 139 1
23 148 1
23 155 2
23 161 2
23 165 2
23 167 2
23 191 1
23 193 1
24 33 2
24 35 2
24 57 1
24 63 2
24 87 2
24 91 2
24 111 1
24 123 1
24 124 1
24 125 2
24 127 1
24 178 2
24 181 1
24 186 2
24 192 1
24 193 2
25 29 1
25 38 2
25 50 1
25 57 1
25 59 1
25 74 1
25 87 2
25 94 2
25 95 2
25 99 1
25 122 2
25 124 1
25 136 2
25 143 2
25 144 2
25 150 1
25 152 2
25 158 2
25 160 1
25 179 1
25 180 2
25 188 2
25 193 2
26 33 2
26 44 2
26 49 2
26 61 1
26 67 1
26 76 2
26 102 2
26 118 2
26 119 1
26 121 1
26 122 1
26 153 1
26 157 1
26 178 2
26 182 1
27 52 1
27 53 2
27 56 2
27 58 1
27 62 1
27 76 1
27 77 2
27 81 2
27 91 1
27 94 2
27 97 1
27 103 2
27 107 2
27 109 2
27 110 2
27 112 1
27 138 1
27 140 1
27 155 2
27 156 1
27 159 2
27 166 2
27 172 1
27 173 1
27 189 1
27 192 2
27 199 1
28 36 2
28 67 1
28 69 1
28 85 1
28 97 1
28 105 2
28 115 1
28 120 1
28 125 2
28 149 2
28 173 1
28 182 1
28 184 2
28 197 1
28 198 2
29 71 2
29 74 1
29 79 2
29 99 2
29 111 2
29 131 1
29 144 2
29 147 2
29 165 2
29 168 2
29 192 1
29 198 1
30 36 1
30 53 1
30 59 1
30 126 2
30 151 1
30 157 2
30 161 2
30 193 1
31 38 1
31 45 2
31 58 1
31 76 2
31 82 1
31 86 2
31 89 2
31 95 1
31 116 2
31 120 2
31 121 2
31 138 2
31 148 1
31 151 2
31 161 1
31 171 1
32 39 1
32 67 2
32 80 2
32 99 2
32 100 2
32 104 2
32 113 2
32 123 2
32 159 1
32 179 2
32 180 2
32 185 1
32 192 1
32 198 1
33 39 1
33 42 1
33 61 2
33 62 1
33 79 2
33 115 1
33 118 2
33 120 1
33 131 1
33 169 1
33 173 2
33 175 2
33 183 1
33 190 2
33 196 1
34 40 2
34 42 1
34 52 1
34 56 2
34 58 2
34 59 1
34 66 1
34 92 2
34 96 1
34 99 1
34 102 1
34 107 2
34 108 1
34 113 2
34 131 1
34 144 1
34 151 2
34 154 1
34 160 2
34 162 1
34 170 2
34 173 1
34 175 2
35 36 2
35 46 2
35 47 1
35 48 1
35 50 1
35 65 1
35 66 1
35 67 1
35 78 2
35 101 2
35 107 2
35 108 2
35 129 1
35 132 2
35 133 1
35 140 2
35 147 1
35 156 1
35 163 1
35 164 2
35 166 2
35 172 1
35 181 2
35 185 2
35 186 2
35 193 2
36 43 1
36 47 2
36 48 1
36 51 1
36 54 2
36 65 1
36 82 2
36 83 1
36 84 2
36 86 1
36 96 1
36 99 2
36 100 1
36 101 1
36 106 1
36 109 2
36 114 1
36 116 1
36 120 1
36 134 1
36 141 1
36 146 2
36 160 2
36 165 2
36 168 1
36 173 1
36 180 2
36 186 2
37 39 2
37 83 1
37 90 1
37 94 1
37 110 1
37 113 2
37 120 2
37 127 1
37 134 1
37 145 1
37 152 1
37 172 2
37 176 2
37 194 2
38 45 1
38 49 2
38 80 1
38 83 2
38 91 1
38 94 1
38 115 2
38 152 1
38 163 2
38 169 1
38 183 1
38 194 2
39 57 1
39 59 2
39 61 2
39 74 2
39 85 1
39 87 1
39 96 1
39 97 1
39 98 1
39 114 2
39 120 2
39 123 2
39 124 2
39 126 2
39 133 2
39 139 2
39 150 1
39 154 2
39 194 1
40 59 1
40 69 1
40 79 2
40 94 1
40 97 2
40 105 1
40 138 2
40 143 1
40 150 2
40 164 1
40 183 2
40 187 1
41 51 1
41 70 2
41 128 2
41 140 1
41 158 1
41 161 1
41 178 1
41 189 1
41 191 2
41 193 1
41 196 2
41 199 1
42 46 1
42 53 1
42 74 2
42 82 1
42 110 2
42 119 2
42 144 2
42 161 2
42 185 1
43 75 1
43 86 1
43 100 1
43 102 2
43 114 2
43 134 1
43 142 1
43 146 1
43 164 2
43 171 1
43 184 1
43 189 2
43 193 2
44 49 1
44 53 2
44 54 1
44 79 1
44 90 2
44 105 2
44 108 2
44 112 1
44 116 1
44 140 1
44 157 1
44 176 1
44 188 1
44 192 1
45 112 1
45 139 1
45 140 2
45 147 1
45 167 2
45 171 1
45 179 1
45 194 2
45 197 1
46 56 2
46 62 1
46 84 2
46 93 2
46 98 2
46 123 2
46 145 2
46 158 1
46 174 2
46 183 1
46 188 2
46 196 1
47 51 1
47 54 2
47 63 1
47 88 2
47 128 1
47 151 2
47 162 1
47 163 1
47 180 1
47 185 1
48 54 1
48 62 1
48 75 1
48 80 1
48 87 1
48 95 1
48 97 1
48 132 2
48 139 2
48 140 1
48 145 2
48 157 2
48 163 1
48 170 2
48 180 1
49 64 1
49 76 1
49 82 1
49 99 2
49 103 2
49 110 2
49 124 2
49 125 2
49 156 2
49 159 1
49 160 2
49 166 1
49 185 1
50 75 2
50 77 2
50 80 2
50 82 1
50 103 2
50 113 2
50 132 1
50 152 2
50 158 1
50 159 2
50 162 1
50 169 1
50 173 2
50 197 2
51 120 2
51 130 1
51 133 2
51 136 2
51 140 2
51 157 1
51 170 2
51 183 2
51 185 2
51 188 1
52 62 1
52 76 1
52 83 1
52 120 1
52 142 2
52 147 1
52 150 1
52 153 2
52 170 2
52 171 1
52 172 2
52 175 2
52 182 1
53 60 1
53 62 1
53 83 2
53 104 2
53 107 1
53 108 2
53 114 2
53 122 2
53 126 1
53 130 1
53 135 1
53 142 1
53 143 1
53 162 2
53 167 2
53 187 2
54 64 2
54 80 1
54 82 2
54 99 2
54 128 2
54 138 1
54 145 1
54 161 2
54 162 1
54 176 2
54 182 1
54 190 1
55 58 2
55 82 1
55 83 2
55 90 2
55 108 1
55 117 1
55 128 1
55 146 1
55 149 1
55 151 2
55 154 1
55 162 2
55 165 1
55 176 1
55 178 1
55 187 1
56 77 1
56 84 1
56 89 2
56 96 2
56 113 2
56 131 2
56 133 2
56 144 2
56 164 2
56 171 1
57 58 1
57 61 2
57 65 1
57 67 1
57 77 2
57 84 2
57 94 2
57 110 1
57 112 2
57 120 2
57 121 2
57 148 1
57 150 2
57 154 1
57 158 1
57 159 1
57 168 2
57 182 1
57 184 2
57 193 1
58 116 2
58 123 1
58 124 2
58 151 2
58 158 2
58 168 2
58 181 2
58 186 1
58 193 2
58 194 1
59 60 1
59 100 1
59 105 2
59 122 1
59 123 2
59 140 2
59 141 2
59 152 2
59 153 1
59 160 1
59 174 2
59 188 2
59 190 2
59 196 2
60 61 1
60 77 2
60 81 2
60 83 1
60 89 1
60 91 2
60 117 1
60 125 1
60 128 2
60 133 1
60 138 1
60 144 1
60 147 2
60 150 1
60 185 2
60 187 2
60 191 1
60 197 2
61 65 2
61 75 1
61 76 1
61 86 2
61 112 1
61 113 1
61 118 1
61 119 2
61 121 2
61 123 1
61 126 2
61 135 2
61 161 2
61 167 2
61 175 1
61 182 1
61 194 2
61 196 1
61 197 2
62 72 2
62 76 2
62 84 1
62 94 2
62 132 1
62 141 1
62 142 1
62 154 1
62 157 2
62 169 1
62 180 2
62 186 1
62 193 2
63 66 2
63 105 1
63 125 2
63 132 1
63 139 2
63 148 2
63 149 1
63 150 1
63 162 1
63 171 2
63 173 1
63 196 1
63 198 1
64 71 2
64 79 1
64 83 1
64 105 1
64 112 1
64 119 2
64 130 2
64 150 1
64 158 2
64 181 1
64 185 1
64 188 2
64 192 1
64 196 1
65 82 2
65 104 2
65 124 1
65 131 1
65 135 2
65 186 2
65 189 1
66 74 1
66 83 1
66 124 2
66 135 2
66 167 2
66 170 2
66 195 2
67 74 2
67 79 1
67 80 2
67 83 2
67 91 1
67 121 1
67 144 1
67 157 1
67 160 2
67 163 1
67 193 1
67 195 2
67 196 2
68 70 1
68 73 2
68 95 1
68 98 2
68 109 2
68 110 2
68 111 2
68 122 2
68 126 2
68 131 1
68 142 1
69 70 1
69 71 1
69 72 1
69 73 1
69 77 1
69 107 1
69 114 2
69 125 2
69 148 2
69 174 1
69 175 1
69 177 1
69 187 1
69 190 2
69 194 2
69 195 1
69 198 2
70 73 1
70 83 1
70 84 1
70 106 1
70 125 1
70 130 2
70 133 1
70 171 1
70 175 1
70 177 1
70 195 2
71 80 2
71 84 2
71 90 1
71 94 1
71 147 2
71 165 1
71 166 1
71 170 2
71 172 1
71 178 2
71 183 2
71 186 2
71 189 1
72 73 2
72 100 1
72 109 1
72 112 1
72 114 2
72 141 1
72 144 1
72 158 1
72 171 1
72 175 2
72 186 1
72 187 1
72 194 2
72 198 2
73 90 2
73 95 2
73 104 1
73 132 1
73 150 2
73 176 2
73 178 1
73 186 1
74 79 2
74 83 1
74 84 1
74 101 2
74 109 2
74 116 1
74 119 1
74 120 2
74 127 2
74 144 1
74 155 2
74 156 2
74 158 2
74 167 2
74 170 2
74 191 1
74 193 2
75 85 1
75 88 2
75 99 1
75 116 2
75 140 2
75 145 2
75 147 1
75 161 2
75 174 2
75 175 2
75 187 1
76 87 2
76 106 1
76 110 1
76 117 2
76 120 2
76 124 1
76 128 2
76 144 2
76 168 1
76 170 2
76 179 1
76 198 1
76 199 2
77 97 2
77 100 1
77 111 1
77 123 2
77 131 2
77 132 1
77 133 1
77 147 1
77 182 1
77 189 1
78 86 1
78 87 2
78 102 2
78 123 1
78 125 1
78 156 2
78 178 1
78 180 1
78 186 2
78 197 1
79 94 2
79 99 2
79 104 1
79 117 2
79 125 1
79 143 1
79 154 1
79 160 2
79 162 2
79 169 1
79 197 1
80 86 2
80 103 1
80 112 1
80 129 2
80 130 1
80 139 1
80 140 1
80 145 1
80 150 2
80 151 1
80 159 2
80 192 2
80 197 1
81 85 2
81 86 2
81 90 2
81 118 1
81 137 2
81 155 1
81 169 1
81 173 1
81 183 1
81 185 2
82 99 1
82 106 2
82 114 1
82 118 1
82 128 2
82 136 1
82 137 2
82 142 2
82 145 2
82 161 2
82 175 1
82 187 2
82 191 2
82 199 1
83 110 1
83 120 2
83 121 1
83 125 1
83 128 2
83 129 1
83 134 2
83 171 1
83 180 1
83 192 2
83 193 2
83 195 1
84 87 2
84 101 2
84 117 1
84 138 1
84 147 2
84 157 1
84 162 1
84 164 1
84 166 1
84 172 1
84 199 2
85 87 1
85 96 2
85 99 1
85 100 1
85 103 2
85 122 1
85 135 2
85 143 1
85 154 2
85 155 2
85 160 2
85 185 2
85 190 1
85 198 2
86 96 2
86 107 2
86 114 1
86 119 1
86 125 2
86 142 2
86 151 1
86 157 1
86 160 2
86 167 2
86 175 1
86 198 2
87 96 2
87 115 1
87 125 2
87 132 2
87 142 2
87 148 2
87 150 1
87 152 1
87 177 1
87 197 2
88 99 2
88 101 2
88 146 1
88 147 1
88 153 1
88 154 1
88 157 1
88 167 1
88 189 2
89 102 1
89 118 1
89 120 2
89 166 2
89 182 1
89 184 1
89 190 1
89 198 2
90 102 1
90 103 1
90 120 1
90 125 1
90 131 2
90 138 2
90 173 2
90 182 2
90 188 1
90 189 2
90 193 1
91 95 1
91 119 1
91 139 1
91 140 1
91 148 1
91 153 1
91 164 2
91 166 2
91 186 2
91 198 1
92 97 1
92 103 2
92 125 1
92 139 2
92 145 2
92 159 1
92 162 2
92 169 2
92 179 1
92 184 2
92 187 2
93 96 2
93 98 1
93 107 1
93 117 1
93 118 1
93 132 1
93 142 2
93 150 1
93 184 2
93 191 2
94 123 1
94 135 1
94 163 1
94 171 1
94 187 1
94 190 2
94 196 1
95 98 1
95 102 1
95 103 1
95 124 2
95 142 2
95 162 2
95 174 2
95 198 2
96 101 1
96 109 2
96 125 1
96 147 1
96 157 2
96 185 2
97 110 1
97 118 1
97 125 2
97 137 1
97 144 1
97 145 2
97 177 1
97 180 1
97 181 2
97 183 1
97 193 1
98 105 1
98 109 2
98 117 2
98 118 2
98 131 2
98 132 1
98 140 1
98 146 1
98 153 1
98 191 1
98 195 1
99 110 2
99 111 2
99 118 2
99 121 2
99 156 2
99 157 2
99 158 1
99 160 1
99 172 1
99 175 2
99 183 1
100 128 2
100 138 1
100 148 1
100 150 2
100 163 1
100 166 1
100 178 2
101 109 2
101 123 1
101 138 2
101 155 1
101 161 2
101 192 1
102 103 2
102 113 2
102 135 1
102 138 2
102 160 1
102 166 2
102 170 1
102 172 2
102 174 1
102 175 2
102 179 2
102 180 2
102 181 1
103 128 2
103 143 2
103 145 2
103 160 1
103 163 2
103 165 1
103 169 1
103 190 1
103 191 1
104 110 2
104 113 2
104 142 2
104 147 1
104 160 1
104 179 1
104 189 1
104 192 1
105 115 2
105 118 2
105 137 2
105 139 2
105 142 1
105 160 2
105 175 1
105 191 1
105 197 2
106 115 2
106 134 2
106 163 2
106 172 2
106 178 2
106 180 1
106 192 1
106 198 1
106 199 2
107 112 1
107 125 2
107 129 2
107 130 1
107 146 1
107 165 2
107 175 2
107 178 1
107 180 2
107 187 2
108 109 2
108 110 2
108 113 2
108 158 1
108 163 2
108 176 1
108 179 1
108 192 1
108 194 1
108 199 1
109 130 2
109 161 2
109 171 2
109 187 1
109 197 1
110 120 2
110 122 1
110 134 1
110 146 2
110 148 2
110 153 1
110 155 2
110 171 1
110 184 1
110 191 1
111 117 1
111 119 1
111 133 1
111 135 2
111 151 1
111 165 2
111 170 2
111 188 2
111 189 1
111 191 2
111 193 2
112 116 1
112 121 2
112 124 2
112 148 1
112 163 2
112 187 2
112 189 1
112 193 1
113 123 1
113 126 1
113 128 2
113 158 1
113 165 2
113 187 2
113 191 2
113 192 2
114 123 2
114 138 1
114 152 2
114 163 2
114 170 2
114 175 2
114 182 2
114 197 2
115 120 1
115 135 1
115 186 2
115 197 1
116 129 1
116 131 1
116 157 2
116 163 2
116 164 2
116 166 2
116 174 2
116 197 2
117 127 2
117 129 1
117 131 2
117 143 2
117 145 1
117 155 1
117 156 2
117 167 1
117 169 1
117 170 1
117 181 1
117 192 1
117 196 1
118 125 1
118 138 1
118 139 1
118 143 1
118 151 2
118 156 1
118 168 1
118 171 2
118 176 2
118 177 2
118 179 1
118 185 1
118 194 2
119 121 1
119 128 1
119 131 1
119 144 2
119 170 2
119 184 2
119 188 1
119 192 1
119 195 2
120 124 1
120 126 1
120 134 2
120 137 2
120 155 1
120 164 2
120 169 1
120 170 2
120 173 1
120 174 1
120 176 2
120 181 1
120 197 1
121 163 2
121 181 1
121 188 1
121 195 2
122 136 2
122 137 1
122 179 2
122 195 1
123 131 1
123 136 1
123 151 1
123 156 1
123 158 1
123 168 1
123 194 1
123 195 2
124 144 2
124 156 2
124 158 2
124 162 2
124 165 2
124 172 1
124 175 1
124 183 1
124 187 2
125 132 2
125 141 1
125 168 1
125 173 1
125 188 2
126 132 1
126 134 2
126 145 1
126 154 1
126 159 2
126 172 2
126 187 1
126 195 1
126 196 2
126 198 1
127 130 1
127 135 1
127 146 2
127 152 1
127 161 1
127 175 1
127 176 1
128 137 1
128 141 1
128 178 1
128 180 1
129 130 2
129 132 1
129 166 1
129 176 1
129 191 2
129 197 2
130 142 1
130 154 1
130 159 1
130 189 2
130 194 1
130 198 2
131 133 1
131 135 1
131 159 2
131 169 2
131 173 2
131 182 2
131 197 1
132 133 1
132 178 2
132 188 2
132 189 2
133 136 2
133 144 1
133 148 2
133 153 2
133 161 2
133 180 2
133 182 1
133 185 2
133 192 2
134 136 2
134 140 1
134 143 1
134 147 1
134 153 2
134 160 2
134 165 1
134 183 1
135 149 2
135 176 2
135 182 2
135 194 1
136 138 2
136 145 2
136 172 2
136 178 1
136 197 1
137 180 1
137 183 1
137 198 1
137 199 1
138 141 2
138 157 2
138 158 2
138 169 1
138 172 1
138 174 1
138 182 1
138 188 2
139 165 1
140 143 2
140 146 2
140 156 2
140 173 1
140 175 1
140 181 2
140 182 2
140 189 1
140 196 2
141 148 1
141 150 2
141 151 2
141 154 2
141 155 2
141 159 2
141 174 1
141 189 2
142 149 1
142 162 1
142 172 2
142 177 1
142 181 1
142 188 1
142 195 2
142 196 1
143 144 2
143 147 1
143 150 1
143 160 1
143 162 1
143 164 2
143 168 1
143 177 1
143 179 1
143 187 2
144 148 1
144 157 1
144 178 1
145 157 2
145 159 1
145 164 2
145 168 1
146 149 1
146 156 1
146 169 1
146 173 2
146 191 2
146 192 1
146 193 1
147 161 1
147 165 2
147 183 1
147 188 1
147 192 2
147 197 1
148 150 1
148 186 2
149 163 2
149 183 2
149 192 2
149 193 1
150 172 1
150 176 2
150 178 2
150 179 1
150 183 1
150 199 2
151 153 2
151 157 2
151 162 1
151 165 1
151 185 1
151 186 2
151 192 1
151 199 1
152 173 2
152 192 1
152 196 1
153 160 2
153 165 1
154 166 1
154 168 1
154 169 2
154 183 1
154 186 1
155 156 1
155 162 1
155 172 2
155 178 1
155 183 1
155 187 1
155 191 1
156 160 1
156 173 1
156 174 2
156 176 1
156 177 1
156 179 1
156 180 1
156 187 2
156 194 2
157 167 1
157 175 2
157 177 2
157 182 2
157 186 2
157 192 1
157 193 1
157 198 1
157 199 2
158 168 2
158 169 1
158 170 2
158 174 1
158 175 2
159 176 1
159 183 2
159 198 1
160 170 2
160 180 1
160 193 1
161 164 1
161 168 1
161 177 2
161 186 1
161 187 1
162 173 1
163 169 1
163 172 2
163 178 1
163 181 2
164 171 1
165 170 1
165 181 2
165 187 1
166 168 1
166 177 1
166 195 2
166 199 2
167 183 1
167 197 1
168 169 2
168 176 1
168 189 2
168 191 1
168 192 1
169 180 1
169 182 2
169 184 2
169 186 1
169 192 1
169 193 1
170 179 2
170 182 2
171 176 1
171 179 2
171 182 1
171 184 2
172 176 2
172 195 2
173 174 2
173 179 1
173 187 1
173 189 1
173 198 2
175 181 2
175 187 1
176 180 2
177 179 1
177 184 2
177 190 2
178 187 1
179 191 1
179 199 1
180 183 1
180 189 1
180 196 2
180 199 2
182 183 2
184 187 1
186 193 2
189 197 2
191 192 2
192 198 1
194 198 2
1 88 103
2 168 112
2 72 18
5 143 133
6 53 191
7 74 148
11 87 173
12 171 172
12 188 102
12 31 82
13 129 159
13 165 195
13 158 173
14 5 128
14 91 100
16 134 93
16 138 128
17 32 126
18 137 116
18 157 95
20 45 148
21 94 31
24 85 95
25 178 188
25 187 72
30 41 63
30 180 91
31 109 62
31 64 144
31 54 96
32 151 48
34 182 101
35 102 1
37 89 31
37 14 1
38 135 99
40 115 128
42 169 147
44 36 183
45 199 27
45 82 90
45 42 53
47 184 29
47 128 79
47 163 32
48 113 79
48 86 68
49 141 121
50 145 185
50 16 154
51 78 194
56 50 15
56 121 18
57 21 171
59 166 99
59 105 168
60 198 72
62 107 24
63 62 131
64 3 179
64 35 66
65 7 34
65 73 49
65 93 42
69 30 152
70 9 154
71 132 85
73 192 178
74 18 72
75 100 56
78 114 80
79 38 140
79 195 122
80 81 17
81 193 56
83 68 72
83 6 37
84 156 69
87 56 153
88 77 21
90 136 166
90 122 68
90 147 33
92 79 190
92 139 169
94 83 21
95 96 110
96 23 65
99 75 20
