50 966 11 21
10 16 6 45 30 28 41 49 21 10 29 36 32 9 2 28 31 15 43 41 0
0 1 8
0 3 1
0 6 19
0 7 17
0 8 9
0 9 24
0 10 5
0 11 3
0 12 11
0 13 4
0 14 18
0 15 5
0 16 17
0 17 1
0 18 3
0 20 5
0 21 19
0 22 11
0 23 17
0 25 5
0 26 7
0 27 11
0 30 19
0 34 19
0 35 16
0 37 22
0 38 11
0 39 7
0 40 17
0 41 14
0 43 15
0 44 8
0 45 1
0 46 18
0 47 12
1 2 6
1 3 22
1 5 4
1 6 1
1 7 20
1 8 7
1 10 12
1 11 24
1 15 3
1 17 22
1 18 13
1 19 22
1 21 12
1 22 18
1 23 2
1 24 18
1 25 1
1 26 17
1 27 24
1 28 17
1 29 20
1 30 16
1 31 14
1 32 17
1 33 6
1 34 9
1 35 8
1 36 22
1 37 14
1 38 3
1 39 22
1 40 5
1 44 13
1 45 8
1 47 22
1 48 9
1 49 12
2 3 13
2 4 12
2 5 14
2 7 16
2 8 10
2 9 17
2 10 7
2 11 4
2 12 5
2 14 7
2 15 3
2 16 14
2 17 22
2 19 20
2 20 19
2 21 10
2 22 16
2 23 10
2 24 16
2 26 22
2 27 19
2 28 14
2 29 4
2 30 16
2 31 18
2 33 20
2 34 16
2 35 18
2 38 21
2 39 1
2 40 24
2 42 1
2 43 9
2 44 15
2 45 21
2 46 10
2 47 16
2 48 20
2 49 21
3 5 13
3 7 5
3 8 8
3 9 1
3 10 22
3 11 18
3 12 10
3 13 22
3 14 19
3 15 21
3 17 17
3 19 14
3 20 2
3 21 16
3 22 12
3 23 10
3 24 10
3 25 8
3 27 22
3 29 11
3 30 4
3 33 7
3 34 6
3 35 22
3 36 19
3 37 3
3 38 21
3 39 12
3 40 10
3 41 21
3 44 12
3 48 9
4 5 10
4 7 22
4 8 17
4 9 13
4 11 16
4 12 24
4 13 17
4 14 9
4 15 5
4 17 21
4 18 7
4 19 8
4 20 3
4 21 16
4 23 20
4 25 19
4 26 5
4 27 6
4 28 2
4 29 4
4 30 22
4 32 2
4 33 24
4 35 16
4 36 8
4 38 14
4 39 14
4 40 16
4 41 18
4 42 12
4 43 14
4 44 13
4 45 4
4 46 7
4 47 20
4 49 4
5 6 2
5 7 1
5 9 5
5 10 11
5 11 11
5 12 15
5 14 21
5 15 2
5 16 16
5 17 5
5 18 5
5 19 23
5 21 3
5 22 17
5 23 1
5 24 5
5 25 8
5 26 21
5 27 8
5 28 6
5 29 20
5 31 7
5 32 15
5 33 17
5 34 11
5 35 2
5 37 3
5 38 2
5 40 10
5 42 2
5 43 7
5 44 24
5 47 12
5 48 12
5 49 1
6 7 9
6 8 21
6 11 13
6 12 15
6 13 2
6 14 15
6 15 21
6 17 20
6 18 19
6 19 15
6 20 8
6 22 24
6 23 6
6 24 8
6 25 22
6 26 4
6 27 10
6 28 13
6 30 9
6 31 3
6 35 14
6 36 9
6 37 10
6 38 22
6 39 6
6 40 4
6 41 7
6 42 17
6 44 21
6 46 1
6 47 6
6 48 10
6 49 23
7 8 23
7 9 9
7 11 7
7 12 10
7 13 15
7 14 16
7 15 23
7 17 2
7 18 21
7 19 6
7 20 1
7 21 16
7 22 15
7 24 11
7 25 1
7 29 6
7 30 13
7 31 7
7 32 13
7 33 14
7 34 21
7 35 23
7 36 16
7 37 8
7 38 9
7 39 2
7 40 8
7 41 21
7 42 23
7 43 3
7 45 8
7 46 24
7 47 3
7 48 8
7 49 23
8 9 3
8 10 8
8 11 6
8 12 14
8 13 2
8 14 14
8 15 16
8 17 22
8 18 6
8 19 21
8 20 5
8 22 17
8 23 23
8 24 13
8 25 19
8 26 2
8 28 8
8 29 12
8 30 15
8 31 19
8 32 2
8 33 22
8 34 15
8 35 10
8 36 2
8 38 18
8 39 4
8 40 3
8 41 13
8 43 3
8 44 8
8 45 17
8 46 3
8 47 17
8 48 3
9 10 24
9 14 8
9 16 23
9 17 22
9 18 22
9 19 24
9 20 11
9 21 22
9 22 1
9 23 11
9 24 21
9 25 17
9 27 12
9 29 15
9 30 10
9 31 20
9 32 5
9 33 18
9 34 24
9 35 19
9 37 2
9 38 14
9 40 2
9 42 7
9 43 22
9 44 4
9 45 19
9 46 16
9 48 8
10 11 4
10 12 10
10 13 3
10 14 23
10 18 18
10 19 24
10 20 24
10 21 11
10 22 7
10 24 7
10 26 3
10 28 10
10 29 17
10 30 17
10 31 4
10 32 10
10 34 18
10 35 4
10 37 9
10 38 10
10 39 16
10 40 7
10 41 20
10 42 14
10 44 9
10 45 10
10 46 15
10 48 17
11 12 11
11 15 23
11 16 14
11 17 3
11 18 20
11 19 15
11 20 12
11 21 9
11 23 14
11 24 16
11 25 12
11 26 6
11 28 12
11 29 9
11 30 8
11 31 3
11 32 23
11 33 18
11 34 17
11 35 1
11 38 5
11 40 17
11 43 18
11 45 4
11 46 17
11 47 12
11 48 23
11 49 7
12 13 18
12 14 23
12 15 8
12 16 1
12 17 1
12 18 3
12 19 18
12 20 21
12 22 24
12 24 7
12 25 24
12 26 11
12 28 12
12 29 19
12 30 12
12 31 5
12 32 23
12 33 4
12 34 2
12 35 11
12 36 2
12 37 24
12 38 20
12 39 3
12 40 23
12 41 14
12 42 13
12 43 15
12 44 8
12 45 8
12 46 16
12 47 17
13 14 9
13 16 2
13 17 12
13 18 4
13 19 16
13 20 14
13 21 17
13 22 17
13 24 23
13 25 8
13 28 10
13 29 12
13 30 3
13 31 18
13 33 6
13 34 1
13 36 23
13 37 22
13 38 10
13 40 5
13 41 22
13 42 2
13 43 23
13 44 17
13 45 22
13 46 17
13 47 7
13 48 2
14 15 16
14 16 24
14 18 15
14 20 6
14 21 4
14 23 19
14 24 21
14 25 19
14 26 23
14 28 22
14 29 14
14 30 14
14 31 24
14 32 16
14 34 10
14 36 1
14 38 1
14 39 3
14 40 3
14 41 22
14 43 6
14 44 1
14 45 1
14 46 7
14 47 15
14 49 6
15 16 4
15 17 10
15 18 3
15 20 21
15 22 3
15 23 23
15 25 3
15 26 20
15 27 19
15 29 17
15 30 20
15 31 22
15 32 3
15 33 16
15 34 4
15 35 13
15 36 18
15 37 20
15 38 10
15 39 4
15 40 17
15 41 12
15 43 2
15 44 14
15 45 19
15 46 4
15 47 10
15 48 1
15 49 4
16 17 15
16 18 24
16 19 5
16 21 12
16 22 21
16 23 15
16 24 18
16 25 15
16 28 10
16 29 7
16 30 23
16 32 18
16 33 3
16 35 11
16 36 13
16 37 6
16 38 23
16 39 13
16 40 1
16 42 23
16 43 10
16 44 14
16 45 2
16 46 8
16 47 12
16 48 22
16 49 17
17 19 24
17 20 18
17 21 21
17 22 5
17 23 12
17 24 3
17 25 12
17 26 11
17 28 16
17 29 19
17 30 14
17 31 12
17 32 20
17 33 19
17 34 3
17 35 6
17 36 7
17 37 22
17 38 10
17 40 5
17 42 8
17 43 6
17 44 5
17 45 9
17 46 9
17 47 13
17 48 22
17 49 10
18 19 16
18 20 3
18 21 10
18 22 17
18 23 22
18 24 10
18 25 20
18 26 19
18 29 6
18 30 14
18 31 3
18 32 7
18 33 13
18 34 18
18 35 18
18 36 20
18 37 13
18 39 17
18 40 13
18 41 24
18 42 12
18 43 10
18 44 23
18 45 3
18 47 7
18 48 18
18 49 10
19 20 3
19 22 22
19 23 3
19 24 18
19 26 8
19 28 9
19 29 6
19 30 10
19 31 7
19 32 24
19 33 7
19 34 6
19 36 10
19 37 1
19 38 10
19 40 9
19 41 9
19 43 6
19 44 13
19 45 12
19 48 16
19 49 16
20 21 1
20 22 18
20 23 4
20 25 1
20 26 5
20 27 8
20 29 10
20 31 18
20 32 8
20 34 12
20 35 13
20 36 13
20 39 17
20 40 2
20 41 12
20 42 19
20 43 8
20 44 18
20 47 22
20 48 2
20 49 13
21 22 4
21 23 23
21 25 16
21 27 13
21 28 12
21 29 24
21 30 17
21 31 15
21 33 21
21 35 17
21 36 2
21 38 12
21 39 13
21 40 3
21 41 10
21 42 21
21 43 3
21 44 9
21 46 24
21 47 16
21 48 5
21 49 20
22 24 12
22 25 7
22 26 4
22 27 16
22 28 24
22 29 8
22 30 23
22 31 9
22 33 7
22 36 10
22 37 14
22 38 17
22 41 16
22 42 18
22 43 21
22 45 11
22 47 24
22 48 19
22 49 16
23 24 18
23 25 13
23 26 15
23 27 1
23 28 2
23 29 19
23 30 3
23 31 4
23 32 6
23 33 13
23 34 2
23 35 16
23 36 10
23 39 4
23 40 15
23 41 6
23 42 17
23 44 15
23 45 6
23 46 16
23 47 8
23 48 18
24 25 22
24 26 22
24 27 13
24 28 12
24 30 5
24 31 3
24 32 10
24 33 6
24 34 21
24 36 7
24 37 18
24 38 7
24 39 2
24 40 3
24 41 20
24 42 24
24 43 14
24 44 8
24 45 23
24 46 16
24 48 4
24 49 11
25 26 24
25 27 23
25 28 20
25 29 24
25 31 6
25 32 22
25 33 21
25 34 3
25 37 4
25 41 7
25 44 15
25 45 2
25 46 5
25 47 5
25 48 3
25 49 12
26 28 9
26 30 10
26 31 1
26 32 18
26 33 14
26 34 10
26 35 16
26 36 22
26 38 1
26 39 24
26 40 16
26 41 14
26 42 21
26 43 2
26 44 17
26 45 18
26 46 20
26 47 21
26 49 12
27 28 10
27 29 2
27 30 11
27 31 21
27 34 3
27 35 2
27 36 7
27 37 20
27 38 14
27 39 8
27 41 23
27 42 12
27 44 10
27 45 22
27 46 7
27 49 9
28 29 20
28 30 17
28 32 9
28 33 19
28 34 12
28 35 13
28 36 21
28 37 22
28 38 22
28 39 21
28 41 11
28 42 6
28 43 20
28 44 9
28 46 10
28 47 10
28 48 21
28 49 24
29 30 3
29 31 9
29 33 9
29 34 23
29 35 20
29 37 23
29 38 14
29 39 8
29 40 22
29 41 7
29 42 7
29 44 22
29 45 13
29 47 11
29 49 3
30 31 15
30 32 1
30 33 19
30 34 22
30 35 15
30 36 8
30 37 22
30 38 2
30 39 24
30 40 10
30 42 19
30 43 22
30 44 6
30 45 8
30 46 13
30 48 23
31 32 2
31 33 18
31 34 12
31 36 3
31 38 13
31 40 15
31 41 21
31 42 12
31 44 19
31 45 1
31 46 5
31 47 19
32 33 22
32 34 12
32 36 18
32 37 3
32 38 3
32 39 19
32 40 10
32 41 24
32 42 14
32 43 6
32 45 16
32 46 12
32 47 3
32 49 19
33 34 24
33 35 12
33 36 10
33 37 24
33 38 7
33 39 1
33 40 20
33 41 18
33 42 22
33 43 23
33 44 16
33 45 3
33 46 15
33 47 20
33 48 17
33 49 21
34 35 21
34 36 21
34 37 6
34 38 11
34 39 16
34 40 10
34 41 10
34 42 20
34 43 19
34 45 15
34 46 13
34 47 16
34 49 17
35 36 15
35 37 22
35 38 1
35 39 22
35 40 24
35 42 21
35 44 8
35 45 22
35 46 14
35 48 23
36 37 7
36 38 14
36 39 14
36 40 8
36 42 12
36 43 7
36 44 22
36 45 21
36 46 8
36 47 15
36 48 14
36 49 24
37 39 22
37 40 23
37 42 4
37 43 8
37 44 22
37 46 14
37 47 12
37 48 19
37 49 17
38 39 4
38 41 24
38 42 16
38 43 20
38 45 23
38 46 13
38 49 16
39 40 12
39 41 15
39 42 7
39 44 11
39 45 2
39 46 8
39 47 11
39 48 11
39 49 10
40 41 19
40 42 17
40 43 21
40 44 7
40 45 23
40 46 18
40 47 21
40 48 20
40 49 2
41 42 23
41 43 11
41 44 8
41 45 18
41 46 2
41 47 4
41 48 14
41 49 8
42 43 24
42 44 14
42 45 24
42 46 13
42 48 15
43 45 18
43 46 20
43 47 16
44 45 3
44 46 6
44 47 11
44 48 8
45 46 2
45 48 5
45 49 10
46 47 3
46 48 6
46 49 12
47 49 16
48 49 1
4 32 31
21 23 27
26 29 6
26 3 8
29 47 0
34 5 3
59 27 28
67 30 43
69 18 9
97 15 27
98 36 40
