100 1471 18 6
22 23 32 48 50 86
0 6 1
0 8 2
0 9 5
0 10 6
0 16 1
0 17 5
0 29 6
0 30 3
0 32 6
0 36 4
0 38 6
0 39 6
0 42 6
0 44 3
0 48 4
0 56 5
0 57 6
0 63 5
0 68 2
0 74 1
0 77 3
0 78 4
0 79 4
0 83 6
0 93 1
0 97 2
0 98 5
1 3 3
1 6 4
1 7 1
1 17 5
1 18 5
1 19 1
1 23 4
1 26 5
1 32 3
1 39 4
1 42 3
1 43 5
1 44 6
1 50 2
1 56 6
1 58 2
1 59 2
1 61 1
1 66 2
1 67 5
1 73 3
1 75 4
1 81 5
1 83 2
1 84 2
1 87 6
1 89 4
1 93 6
1 94 3
1 96 1
1 98 4
2 8 2
2 9 6
2 13 5
2 14 2
2 17 1
2 18 5
2 21 5
2 31 3
2 38 3
2 44 6
2 50 3
2 51 3
2 52 1
2 62 5
2 64 2
2 68 6
2 72 4
2 85 1
2 88 1
2 93 2
2 96 6
3 5 3
3 11 2
3 13 4
3 15 4
3 16 3
3 19 4
3 20 1
3 29 4
3 31 3
3 35 3
3 37 4
3 38 1
3 41 4
3 46 2
3 48 4
3 52 4
3 66 4
3 71 3
3 75 3
3 78 4
3 81 4
3 82 1
3 89 3
3 94 1
3 96 6
3 98 6
4 7 4
4 11 4
4 16 5
4 26 6
4 31 4
4 32 3
4 35 1
4 40 1
4 41 2
4 42 4
4 43 2
4 46 2
4 48 6
4 50 5
4 57 4
4 61 6
4 67 6
4 68 2
4 71 2
4 72 4
4 74 1
4 81 1
4 82 1
4 83 5
4 87 5
4 92 4
4 96 4
5 8 5
5 9 4
5 10 3
5 13 2
5 15 2
5 16 5
5 18 6
5 20 4
5 24 6
5 30 4
5 32 4
5 33 5
5 36 4
5 37 2
5 38 2
5 41 1
5 45 3
5 50 1
5 53 1
5 54 4
5 57 1
5 61 6
5 69 1
5 73 4
5 77 2
5 78 1
5 85 1
5 87 2
5 94 6
5 98 3
6 16 5
6 17 5
6 19 2
6 20 2
6 27 2
6 31 6
6 33 1
6 40 3
6 41 5
6 48 1
6 51 1
6 52 4
6 56 2
6 62 1
6 64 2
6 68 3
6 77 6
6 79 5
6 83 4
6 87 1
6 89 2
6 93 2
6 99 5
7 8 6
7 12 3
7 16 6
7 17 6
7 19 2
7 27 5
7 29 5
7 30 1
7 34 3
7 37 6
7 39 4
7 44 1
7 49 6
7 52 3
7 53 5
7 54 5
7 58 5
7 59 5
7 61 5
7 65 3
7 68 3
7 70 5
7 72 3
7 73 3
7 78 2
7 79 6
7 80 6
7 85 2
7 90 1
7 95 5
7 96 4
7 97 3
8 15 3
8 17 6
8 32 4
8 35 2
8 41 3
8 42 6
8 49 3
8 53 1
8 55 4
8 56 6
8 57 4
8 61 6
8 62 6
8 65 1
8 67 1
8 68 6
8 70 2
8 77 5
8 78 4
8 90 2
8 92 1
9 18 5
9 21 3
9 22 1
9 24 3
9 25 5
9 35 3
9 36 5
9 40 3
9 41 2
9 45 3
9 52 6
9 53 6
9 56 2
9 58 6
9 59 1
9 60 5
9 61 2
9 62 1
9 64 1
9 70 1
9 73 1
9 75 3
9 76 3
9 80 2
9 86 5
9 92 2
9 93 3
9 97 4
10 11 6
10 15 4
10 22 1
10 28 6
10 29 2
10 31 4
10 34 2
10 41 6
10 45 4
10 48 5
10 54 2
10 56 4
10 57 5
10 63 6
10 65 6
10 67 3
10 68 4
10 69 1
10 70 1
10 71 6
10 72 4
10 77 3
10 79 4
10 80 6
10 85 4
10 87 3
10 88 4
10 90 4
10 96 3
10 97 4
11 14 2
11 17 6
11 20 3
11 25 4
11 34 1
11 35 3
11 37 3
11 40 2
11 41 4
11 42 4
11 51 3
11 52 3
11 56 5
11 62 1
11 64 3
11 67 2
11 70 5
11 72 1
11 76 6
11 78 2
11 79 6
11 84 4
11 89 5
11 92 4
11 93 2
11 94 2
12 14 2
12 22 1
12 25 4
12 28 5
12 31 1
12 32 4
12 34 2
12 35 2
12 45 2
12 47 5
12 54 1
12 65 6
12 67 3
12 69 2
12 71 1
12 73 6
12 78 5
12 81 1
12 82 6
12 83 2
12 87 2
12 92 6
12 95 3
13 14 3
13 17 4
13 20 4
13 21 4
13 22 4
13 25 2
13 27 2
13 29 2
13 30 1
13 31 1
13 37 5
13 38 2
13 42 2
13 47 6
13 58 4
13 62 1
13 67 6
13 69 5
13 71 6
13 72 5
13 74 1
13 77 2
13 78 5
13 81 3
13 89 5
13 92 4
13 96 1
13 99 4
14 17 2
14 19 6
14 25 2
14 32 6
14 36 3
14 37 3
14 42 2
14 43 5
14 47 1
14 48 6
14 51 6
14 52 5
14 55 2
14 56 4
14 61 5
14 63 2
14 66 5
14 68 6
14 72 5
14 76 2
14 77 6
14 80 3
14 83 5
14 85 2
14 88 6
14 91 6
14 94 5
14 96 5
14 99 5
15 18 5
15 21 2
15 30 2
15 31 5
15 32 5
15 35 5
15 36 3
15 37 6
15 38 2
15 41 6
15 42 5
15 52 4
15 54 2
15 55 4
15 56 5
15 63 5
15 65 3
15 66 1
15 68 3
15 75 2
15 79 5
15 81 2
15 82 3
15 84 2
15 86 3
15 94 4
15 96 6
15 99 2
16 22 2
16 23 6
16 36 1
16 38 1
16 40 4
16 43 6
16 47 5
16 49 5
16 50 4
16 53 5
16 54 5
16 57 5
16 59 3
16 68 2
16 73 5
16 76 3
16 81 1
16 83 1
16 85 5
16 86 2
16 88 1
16 92 5
16 94 1
16 95 6
17 18 2
17 21 2
17 22 4
17 33 1
17 34 3
17 35 2
17 38 6
17 46 4
17 49 4
17 54 2
17 62 2
17 63 1
17 64 1
17 65 1
17 68 3
17 75 6
17 76 5
17 77 2
17 78 1
17 79 6
17 88 2
17 91 4
17 94 3
17 97 3
18 19 5
18 24 6
18 25 1
18 26 6
18 34 5
18 37 2
18 41 5
18 45 5
18 56 3
18 57 5
18 63 5
18 67 4
18 68 4
18 69 5
18 73 6
18 82 2
18 91 5
18 96 5
18 97 6
19 30 1
19 35 1
19 37 5
19 39 3
19 42 3
19 44 2
19 48 5
19 52 1
19 55 1
19 59 1
19 63 4
19 69 1
19 71 6
19 72 2
19 73 3
19 84 1
19 88 1
19 89 2
19 94 5
19 98 5
19 99 1
20 27 3
20 38 4
20 39 6
20 47 3
20 53 2
20 55 4
20 64 3
20 69 1
20 71 6
20 74 2
20 83 1
20 84 4
20 86 1
20 87 6
20 89 6
20 91 3
20 92 2
20 96 2
20 97 3
20 98 6
20 99 4
21 28 4
21 29 4
21 44 3
21 45 1
21 49 5
21 52 2
21 54 4
21 59 6
21 65 3
21 74 4
21 79 2
21 80 4
21 83 2
21 84 5
21 86 6
21 90 6
21 95 3
21 96 2
21 98 3
22 26 3
22 29 6
22 30 4
22 36 1
22 39 2
22 40 2
22 44 3
22 46 5
22 50 1
22 58 5
22 73 4
22 80 5
22 83 6
22 86 5
22 87 1
22 88 1
22 92 2
22 93 3
23 24 6
23 29 1
23 30 3
23 31 3
23 32 4
23 38 1
23 44 6
23 48 3
23 51 2
23 54 5
23 60 3
23 61 3
23 63 1
23 64 6
23 65 6
23 68 4
23 69 2
23 72 6
23 75 6
23 77 3
23 80 1
23 83 4
23 84 3
23 89 2
23 92 5
23 95 1
24 28 5
24 30 5
24 34 3
24 38 2
24 39 5
24 43 5
24 47 2
24 53 1
24 57 4
24 58 5
24 59 4
24 62 3
24 65 3
24 67 6
24 68 4
24 73 1
24 74 5
24 77 2
24 84 3
24 86 1
24 91 5
24 92 5
24 94 6
24 96 3
25 32 2
25 34 2
25 39 5
25 42 1
25 44 4
25 45 1
25 48 1
25 49 1
25 60 3
25 61 3
25 71 5
25 72 2
25 78 6
25 81 6
25 89 4
25 93 4
25 96 6
25 97 5
26 28 3
26 29 1
26 35 4
26 39 1
26 41 5
26 44 2
26 58 6
26 59 5
26 61 1
26 63 5
26 68 1
26 70 6
26 77 6
26 81 5
26 88 4
26 89 1
26 93 1
26 95 6
26 96 5
27 29 4
27 30 3
27 31 2
27 33 5
27 35 1
27 38 6
27 41 6
27 49 5
27 50 5
27 54 3
27 55 1
27 56 3
27 57 5
27 59 4
27 60 4
27 63 4
27 69 6
27 70 4
27 76 1
27 81 5
27 93 6
27 98 2
27 99 1
28 29 3
28 32 4
28 33 1
28 37 2
28 39 2
28 47 5
28 48 6
28 50 3
28 52 4
28 55 6
28 76 3
28 78 2
28 82 4
28 90 4
28 91 1
28 95 1
28 96 1
29 34 5
29 35 2
29 39 5
29 40 4
29 41 6
29 42 6
29 44 3
29 46 3
29 62 3
29 64 5
29 74 2
29 80 5
29 93 6
29 94 4
29 95 6
29 96 3
29 98 4
30 31 6
30 32 3
30 33 4
30 35 3
30 37 5
30 42 4
30 43 4
30 44 5
30 49 3
30 51 2
30 52 4
30 60 1
30 64 2
30 65 5
30 69 1
30 71 4
30 73 3
30 75 6
30 77 5
30 80 2
30 85 5
30 88 6
30 90 4
30 94 4
30 95 6
30 97 1
31 32 3
31 35 1
31 43 2
31 45 6
31 55 3
31 59 4
31 65 2
31 66 1
31 72 6
31 73 3
31 77 3
31 80 5
31 83 2
31 86 6
31 90 6
31 93 2
31 97 4
31 98 1
32 35 1
32 44 2
32 45 2
32 48 6
32 50 5
32 51 2
32 56 6
32 61 3
32 66 3
32 67 4
32 69 6
32 74 5
32 76 2
32 77 4
32 81 6
32 82 3
32 86 1
32 93 1
32 96 3
32 98 5
33 35 5
33 36 4
33 44 2
33 46 1
33 47 4
33 49 6
33 54 5
33 57 5
33 58 1
33 62 1
33 64 4
33 69 2
33 73 3
33 76 2
33 79 6
33 88 1
33 89 2
33 91 3
33 97 1
34 35 5
34 36 1
34 39 2
34 41 6
34 43 5
34 44 3
34 46 1
34 47 6
34 51 4
34 54 2
34 55 6
34 58 4
34 66 1
34 69 3
34 71 2
34 72 2
34 74 6
34 75 5
34 77 4
34 81 3
34 82 2
34 84 6
34 85 1
34 91 6
34 92 5
34 93 3
34 96 6
34 98 5
35 40 4
35 42 3
35 45 2
35 50 1
35 57 6
35 58 5
35 59 6
35 60 3
35 62 3
35 63 4
35 68 1
35 73 5
35 78 2
35 83 6
35 86 1
35 87 6
35 88 4
35 98 2
35 99 4
36 38 6
36 41 3
36 43 4
36 44 1
36 45 3
36 52 1
36 53 3
36 60 6
36 66 1
36 73 2
36 76 4
36 78 4
36 83 1
36 86 3
36 91 1
36 96 3
36 99 6
37 43 4
37 44 4
37 46 5
37 49 6
37 54 4
37 55 4
37 61 2
37 63 5
37 67 1
37 71 2
37 73 5
37 81 1
37 87 3
37 97 5
37 98 5
38 39 6
38 41 4
38 43 4
38 47 2
38 48 2
38 49 6
38 53 6
38 54 1
38 71 1
38 72 1
38 78 5
38 83 2
38 96 5
38 98 3
39 41 3
39 42 5
39 48 3
39 55 3
39 57 1
39 60 5
39 61 1
39 62 1
39 70 6
39 73 5
39 78 4
39 81 3
39 83 6
39 85 3
39 89 6
39 91 4
40 41 5
40 44 4
40 46 5
40 47 5
40 55 2
40 56 4
40 57 1
40 59 5
40 60 5
40 61 6
40 69 4
40 70 6
40 76 2
40 77 2
40 81 2
40 84 3
40 85 3
40 87 5
40 90 3
40 92 1
40 96 3
41 44 2
41 45 1
41 46 2
41 47 5
41 48 4
41 63 6
41 65 2
41 68 5
41 73 1
41 76 6
41 79 3
41 82 1
41 88 6
41 91 2
41 94 5
41 95 4
42 58 2
42 59 4
42 61 4
42 69 2
42 75 5
42 78 4
42 80 5
42 86 1
42 87 6
42 89 6
42 91 2
42 97 1
42 99 4
43 44 3
43 48 6
43 53 4
43 56 5
43 62 2
43 66 2
43 73 5
43 74 4
43 75 2
43 77 6
43 83 4
43 84 5
43 89 6
43 90 3
43 97 4
43 99 2
44 46 5
44 50 5
44 52 5
44 53 4
44 57 5
44 61 2
44 62 2
44 65 3
44 67 3
44 68 1
44 72 6
44 76 6
44 80 1
44 86 6
44 87 1
44 89 5
44 90 6
44 94 1
44 96 1
44 99 3
45 46 6
45 48 1
45 69 4
45 81 1
45 86 6
45 87 2
45 91 4
45 94 3
45 97 2
45 99 3
46 52 3
46 53 2
46 63 2
46 77 2
46 79 4
46 82 3
46 85 4
46 87 3
46 91 4
46 93 5
46 99 2
47 50 3
47 54 6
47 55 4
47 60 3
47 66 4
47 67 4
47 70 4
47 71 3
47 73 2
47 74 4
47 77 6
47 86 2
47 87 3
47 88 1
47 91 4
47 92 1
47 96 4
47 98 1
47 99 1
48 55 5
48 60 1
48 63 1
48 68 4
48 73 4
48 75 4
48 80 2
48 83 5
48 85 2
48 93 1
48 98 4
49 50 4
49 51 6
49 52 2
49 55 3
49 58 4
49 59 4
49 61 2
49 65 1
49 66 3
49 69 3
49 71 4
49 77 5
49 84 4
49 87 5
49 89 5
49 90 1
49 92 6
50 55 6
50 59 4
50 66 3
50 70 3
50 73 6
50 75 2
50 76 6
50 77 2
50 86 4
50 87 4
50 92 1
50 97 3
51 52 2
51 53 3
51 54 2
51 59 2
51 60 5
51 66 2
51 70 5
51 71 2
51 81 1
51 82 6
51 86 3
51 87 3
51 89 1
51 90 2
51 91 3
51 92 6
51 93 5
51 96 1
51 98 5
51 99 1
52 56 3
52 57 5
52 58 3
52 59 4
52 60 3
52 64 5
52 65 1
52 67 1
52 70 6
52 78 3
52 80 4
52 81 5
52 82 4
52 83 2
52 87 4
52 92 5
52 94 6
52 97 5
52 98 3
53 57 3
53 60 3
53 62 4
53 64 2
53 67 2
53 69 5
53 80 5
53 82 1
53 84 2
53 85 2
53 87 3
53 91 4
53 94 4
53 95 5
54 57 4
54 59 6
54 60 5
54 61 5
54 64 3
54 65 1
54 66 5
54 72 1
54 75 1
54 78 2
54 82 3
54 87 6
54 88 2
54 89 1
54 92 6
54 95 4
54 98 1
55 57 4
55 59 3
55 61 4
55 66 4
55 68 1
55 71 4
55 72 1
55 75 1
55 76 3
55 79 6
55 84 1
55 89 1
55 91 6
55 93 3
55 97 2
56 59 3
56 60 6
56 63 1
56 64 2
56 67 1
56 71 6
56 74 2
56 82 3
56 87 3
56 89 6
56 93 1
56 96 4
56 97 4
57 63 3
57 67 4
57 73 2
57 75 3
57 78 2
57 82 6
57 85 3
57 88 6
57 94 5
57 98 6
58 64 2
58 69 5
58 73 5
58 76 4
58 79 6
58 86 1
58 88 6
58 89 6
58 91 2
58 97 1
59 67 6
59 69 1
59 76 1
59 80 3
59 81 3
59 84 6
59 88 6
59 89 2
59 91 2
59 92 2
59 97 1
60 65 1
60 67 2
60 68 4
60 69 6
60 70 2
60 74 2
60 76 5
60 78 1
60 82 5
60 90 6
60 91 5
60 92 4
61 62 5
61 63 6
61 64 4
61 66 5
61 67 4
61 68 3
61 69 2
61 72 1
61 74 5
61 77 3
61 82 5
61 83 5
61 84 5
61 90 2
61 92 5
61 93 3
61 96 4
62 68 4
62 72 5
62 73 4
62 75 3
62 79 3
62 81 5
62 83 3
62 85 4
62 91 2
62 93 5
62 96 1
63 65 4
63 66 4
63 68 5
63 70 2
63 73 2
63 74 2
63 76 3
63 78 5
63 79 1
63 81 6
63 86 1
63 90 6
63 91 6
63 93 3
63 94 2
63 95 5
64 66 2
64 69 4
64 70 2
64 74 6
64 75 5
64 77 2
64 78 6
64 81 2
64 85 5
64 86 1
64 88 5
64 99 6
65 66 1
65 67 3
65 72 5
65 74 3
65 76 1
65 80 1
65 83 2
65 88 4
65 95 2
65 96 3
65 99 2
66 68 2
66 72 2
66 73 4
66 75 3
66 78 1
66 83 2
66 84 6
66 96 4
66 99 4
67 68 3
67 69 2
67 70 1
67 78 5
67 82 1
67 84 3
67 86 5
67 89 2
67 92 6
67 93 2
67 95 6
68 71 6
68 73 3
68 78 6
68 83 2
68 87 4
68 90 3
68 91 3
68 95 3
68 97 1
68 98 2
68 99 3
69 75 3
69 80 4
69 81 1
69 94 2
69 95 1
69 96 1
69 97 3
69 98 4
70 71 1
70 73 1
70 76 6
70 78 3
70 87 5
70 89 5
70 94 2
70 95 4
71 72 6
71 77 6
71 79 1
71 81 6
71 87 3
71 90 4
71 91 5
71 96 3
71 97 4
72 75 6
72 76 5
72 77 2
72 78 3
72 80 5
72 83 5
72 96 4
73 76 5
73 82 3
73 87 5
73 91 2
73 92 1
73 93 2
73 94 3
74 75 5
74 76 6
74 80 5
74 84 3
74 91 1
74 99 2
75 76 5
75 86 2
75 88 5
75 93 6
75 94 1
75 95 2
75 96 4
76 78 6
76 79 1
76 82 1
76 83 3
76 86 2
76 89 6
76 91 5
76 92 1
77 78 4
77 79 6
77 82 2
77 83 4
77 84 1
77 85 3
77 87 1
77 94 4
77 96 2
77 97 4
77 98 1
77 99 4
78 80 5
78 81 2
78 84 4
78 89 1
78 91 4
78 93 1
78 96 2
78 97 3
78 99 3
79 82 1
79 86 5
79 88 2
79 89 2
79 90 5
79 92 2
79 93 5
79 96 3
80 87 6
80 88 3
80 91 5
80 95 5
80 97 6
81 85 6
81 89 1
81 90 4
81 93 3
81 95 4
81 98 4
82 88 3
82 89 6
82 90 1
82 91 5
82 94 2
82 95 6
83 86 3
83 88 3
83 93 5
83 96 4
83 99 6
84 87 2
84 88 6
84 92 3
84 94 2
84 97 4
84 99 1
85 88 1
85 89 6
85 90 5
85 96 6
85 97 5
85 98 2
86 92 2
86 94 5
86 95 5
86 98 5
86 99 4
87 98 1
88 89 1
88 90 6
88 93 4
88 97 1
88 98 2
88 99 6
89 90 3
89 91 3
89 93 1
89 96 4
90 93 6
90 94 4
90 95 3
90 99 1
91 93 1
91 96 1
92 96 1
93 94 5
93 98 3
94 95 5
94 98 1
95 96 4
95 99 3
96 98 2
98 99 1
2 44 13
13 20 87
19 31 44
22 33 68
25 48 66
27 18 96
45 7 99
58 69 58
58 99 12
75 84 72
77 11 39
81 63 64
83 46 44
94 53 59
96 54 72
98 95 5
100 34 54
100 43 4
