100 3000 15 15
95 9 94 68 26 34 10 40 53 27 71 6 90 64 50
0 1 6
0 3 6
0 6 2
0 7 2
0 9 2
0 15 1
0 18 2
0 19 6
0 21 3
0 23 2
0 25 1
0 27 6
0 30 2
0 31 5
0 32 4
0 35 6
0 36 4
0 37 6
0 38 5
0 39 1
0 40 1
0 41 4
0 44 5
0 47 4
0 48 4
0 50 4
0 51 5
0 54 5
0 55 1
0 56 3
0 57 4
0 58 3
0 61 1
0 63 2
0 64 6
0 65 3
0 66 6
0 67 1
0 68 6
0 69 2
0 70 1
0 71 1
0 73 5
0 74 3
0 75 1
0 78 6
0 80 5
0 82 2
0 84 5
0 87 2
0 88 2
0 92 6
0 94 3
0 95 2
0 96 1
0 98 3
1 3 1
1 4 1
1 6 1
1 10 3
1 12 5
1 13 5
1 14 4
1 15 2
1 16 2
1 17 5
1 19 5
1 23 6
1 24 4
1 25 1
1 29 6
1 30 4
1 33 2
1 39 3
1 41 3
1 42 3
1 43 1
1 44 6
1 49 4
1 50 1
1 51 1
1 52 3
1 54 5
1 58 1
1 68 5
1 72 4
1 73 5
1 75 6
1 76 4
1 77 5
1 78 4
1 80 5
1 81 5
1 82 2
1 84 3
1 85 1
1 86 5
1 87 1
1 88 3
1 89 3
1 90 6
1 91 5
1 93 2
1 95 3
1 96 2
1 98 3
1 99 4
2 4 1
2 6 3
2 7 2
2 8 2
2 10 3
2 11 6
2 12 3
2 15 5
2 16 2
2 18 1
2 19 3
2 20 6
2 21 5
2 23 1
2 24 2
2 25 1
2 26 3
2 28 4
2 29 4
2 30 1
2 32 1
2 33 2
2 34 3
2 36 3
2 38 3
2 40 4
2 42 3
2 44 6
2 45 5
2 46 6
2 47 4
2 48 5
2 49 4
2 50 3
2 51 3
2 53 4
2 54 3
2 56 3
2 57 2
2 58 2
2 60 5
2 61 6
2 62 3
2 64 5
2 66 4
2 67 1
2 68 3
2 69 3
2 70 6
2 71 1
2 74 1
2 76 5
2 77 6
2 78 2
2 79 4
2 80 3
2 81 5
2 84 4
2 85 4
2 86 2
2 87 4
2 89 4
2 90 2
2 91 1
2 94 6
2 96 5
2 97 5
2 98 3
3 4 2
3 12 3
3 13 4
3 15 3
3 16 3
3 18 3
3 19 3
3 20 5
3 21 2
3 22 3
3 23 2
3 25 5
3 26 5
3 27 6
3 28 5
3 31 6
3 32 5
3 33 3
3 36 2
3 38 2
3 39 4
3 44 3
3 45 2
3 46 3
3 47 1
3 48 1
3 51 1
3 53 5
3 55 6
3 63 4
3 64 6
3 66 4
3 67 4
3 70 5
3 72 6
3 75 1
3 76 1
3 77 6
3 79 6
3 80 2
3 81 4
3 82 6
3 83 4
3 86 5
3 87 6
3 89 3
3 90 1
3 91 3
3 92 4
3 95 4
3 96 5
3 98 2
4 5 2
4 7 4
4 8 4
4 9 1
4 11 6
4 14 5
4 15 6
4 17 6
4 20 2
4 24 3
4 25 6
4 26 1
4 28 2
4 29 3
4 30 3
4 31 1
4 33 1
4 37 3
4 38 1
4 39 2
4 40 3
4 41 1
4 42 3
4 43 1
4 45 4
4 47 2
4 48 3
4 49 3
4 52 5
4 53 4
4 54 5
4 55 5
4 56 6
4 59 6
4 60 2
4 61 1
4 62 1
4 63 2
4 64 2
4 65 4
4 68 4
4 69 3
4 70 1
4 72 5
4 73 4
4 74 1
4 76 1
4 77 5
4 80 6
4 82 2
4 83 1
4 85 1
4 86 5
4 87 3
4 88 1
4 91 2
4 94 2
4 95 3
4 98 5
5 6 4
5 8 6
5 10 3
5 12 3
5 13 5
5 15 3
5 18 1
5 19 3
5 21 2
5 22 4
5 23 4
5 24 4
5 25 2
5 27 5
5 28 3
5 30 4
5 31 3
5 32 4
5 33 5
5 34 5
5 35 3
5 36 1
5 37 1
5 38 6
5 39 6
5 40 1
5 41 2
5 46 5
5 48 6
5 49 6
5 52 4
5 53 1
5 55 2
5 56 2
5 57 2
5 59 5
5 61 4
5 62 2
5 64 1
5 65 5
5 67 6
5 68 4
5 70 4
5 71 4
5 72 3
5 74 3
5 76 3
5 78 3
5 81 6
5 82 2
5 83 4
5 85 6
5 86 5
5 87 4
5 88 3
5 90 1
5 92 1
5 94 6
5 95 6
5 96 3
5 98 2
5 99 1
6 8 1
6 11 4
6 12 3
6 13 5
6 14 6
6 15 2
6 16 6
6 18 4
6 20 5
6 21 3
6 22 6
6 25 4
6 26 6
6 27 1
6 29 6
6 32 2
6 35 4
6 36 2
6 38 3
6 39 2
6 42 5
6 43 2
6 46 3
6 47 2
6 50 6
6 52 4
6 54 2
6 55 4
6 58 6
6 60 3
6 61 1
6 62 5
6 65 2
6 66 2
6 67 2
6 68 2
6 69 3
6 71 1
6 73 5
6 74 5
6 76 3
6 77 4
6 79 1
6 80 5
6 81 6
6 82 3
6 83 1
6 84 6
6 87 5
6 88 1
6 89 1
6 90 1
6 91 3
6 93 5
6 95 4
6 97 6
6 99 3
7 10 2
7 12 3
7 14 3
7 15 6
7 19 4
7 20 2
7 23 3
7 25 2
7 26 1
7 27 3
7 28 1
7 29 3
7 31 6
7 32 4
7 33 4
7 35 5
7 37 1
7 38 6
7 39 2
7 40 6
7 41 2
7 42 2
7 43 3
7 44 5
7 45 6
7 46 1
7 48 2
7 49 3
7 50 2
7 51 5
7 54 4
7 55 1
7 56 3
7 57 6
7 58 5
7 59 6
7 60 5
7 63 5
7 64 1
7 65 1
7 66 5
7 67 2
7 68 3
7 69 5
7 75 6
7 76 6
7 77 2
7 78 5
7 79 2
7 80 5
7 82 6
7 88 2
7 91 5
7 92 6
8 9 4
8 11 3
8 12 1
8 14 3
8 15 2
8 18 5
8 19 6
8 20 5
8 24 3
8 26 4
8 27 6
8 29 2
8 31 5
8 32 3
8 33 5
8 34 4
8 35 5
8 36 2
8 38 1
8 40 3
8 41 1
8 42 2
8 43 4
8 44 6
8 45 4
8 47 1
8 48 2
8 49 2
8 51 4
8 52 2
8 54 4
8 56 1
8 57 6
8 58 5
8 59 2
8 61 3
8 62 1
8 63 5
8 64 3
8 65 4
8 66 2
8 67 6
8 68 2
8 69 1
8 74 1
8 75 1
8 76 1
8 77 5
8 80 3
8 81 2
8 83 4
8 84 2
8 85 5
8 87 5
8 88 5
8 89 6
8 92 4
8 94 6
8 96 3
8 98 2
9 11 3
9 12 4
9 15 4
9 16 1
9 17 3
9 18 3
9 19 5
9 21 2
9 22 2
9 24 4
9 25 6
9 26 5
9 27 6
9 28 4
9 35 2
9 36 3
9 37 3
9 38 5
9 39 2
9 42 1
9 44 6
9 47 5
9 48 2
9 55 6
9 57 5
9 61 6
9 64 3
9 65 1
9 67 6
9 71 2
9 74 6
9 77 1
9 78 5
9 81 6
9 83 4
9 86 2
9 89 5
9 93 3
9 94 1
9 95 3
9 96 6
9 99 4
10 11 5
10 12 5
10 14 1
10 16 4
10 18 5
10 19 4
10 22 1
10 23 5
10 24 2
10 25 2
10 26 2
10 30 5
10 32 6
10 33 2
10 34 3
10 35 1
10 36 3
10 37 3
10 38 4
10 40 2
10 41 1
10 42 4
10 43 3
10 44 6
10 45 6
10 46 5
10 47 5
10 48 5
10 49 2
10 50 3
10 51 2
10 54 2
10 57 3
10 58 3
10 60 6
10 62 2
10 64 3
10 69 4
10 70 1
10 72 1
10 73 1
10 74 2
10 75 6
10 76 1
10 81 3
10 82 2
10 84 4
10 85 6
10 86 4
10 87 1
10 88 5
10 89 5
10 90 6
10 91 3
10 92 4
10 93 1
10 97 4
10 99 1
11 12 6
11 13 6
11 14 4
11 15 5
11 17 4
11 18 2
11 20 2
11 22 1
11 28 2
11 30 4
11 31 4
11 32 3
11 33 3
11 34 6
11 35 5
11 37 2
11 38 2
11 42 3
11 43 6
11 44 3
11 46 2
11 48 2
11 49 6
11 51 6
11 52 2
11 54 4
11 55 1
11 57 5
11 58 6
11 59 4
11 60 5
11 62 6
11 64 1
11 65 6
11 66 2
11 68 2
11 70 6
11 73 5
11 76 1
11 78 4
11 80 4
11 81 4
11 82 2
11 83 4
11 85 6
11 86 4
11 87 1
11 92 2
11 93 5
11 94 4
11 95 4
11 96 2
11 98 1
11 99 2
12 14 5
12 15 3
12 16 5
12 19 4
12 23 6
12 24 6
12 25 2
12 26 5
12 29 1
12 30 6
12 31 1
12 32 5
12 34 6
12 36 2
12 37 5
12 38 4
12 39 6
12 41 1
12 42 1
12 43 5
12 45 1
12 46 2
12 47 3
12 50 3
12 54 3
12 55 3
12 59 4
12 60 3
12 61 4
12 63 5
12 67 6
12 68 6
12 69 4
12 70 4
12 72 5
12 73 2
12 74 6
12 77 6
12 78 6
12 80 3
12 81 3
12 82 4
12 85 4
12 86 3
12 87 4
12 91 3
12 92 4
12 93 3
12 95 2
12 96 1
12 97 5
12 99 2
13 14 4
13 15 6
13 16 3
13 17 6
13 19 1
13 21 6
13 22 4
13 23 6
13 24 6
13 25 1
13 30 6
13 31 2
13 37 2
13 38 3
13 40 1
13 41 5
13 43 3
13 44 2
13 46 4
13 47 4
13 49 4
13 50 5
13 52 4
13 53 5
13 56 3
13 57 1
13 60 6
13 61 2
13 62 4
13 64 5
13 65 5
13 66 4
13 68 5
13 69 1
13 72 1
13 74 4
13 75 3
13 76 4
13 77 5
13 78 4
13 79 4
13 80 3
13 81 4
13 82 1
13 85 5
13 87 6
13 88 5
13 89 6
13 90 2
13 91 5
13 92 4
13 93 1
13 94 2
13 95 1
13 98 1
13 99 4
14 15 5
14 18 1
14 20 4
14 25 6
14 26 1
14 27 2
14 28 3
14 29 4
14 31 1
14 33 6
14 34 4
14 37 5
14 38 6
14 39 2
14 40 4
14 42 1
14 43 1
14 44 5
14 45 1
14 47 3
14 48 6
14 49 4
14 50 2
14 53 4
14 54 4
14 56 2
14 58 1
14 59 3
14 60 5
14 61 2
14 63 1
14 66 1
14 70 3
14 71 2
14 72 2
14 73 6
14 74 5
14 75 3
14 76 2
14 77 5
14 78 4
14 79 4
14 80 1
14 81 4
14 82 4
14 83 3
14 84 6
14 85 2
14 87 3
14 88 4
14 90 2
14 91 1
14 92 5
14 96 2
15 17 4
15 18 2
15 21 4
15 24 6
15 26 5
15 28 6
15 33 4
15 34 2
15 35 5
15 36 1
15 40 1
15 42 2
15 46 2
15 48 5
15 49 5
15 51 4
15 52 6
15 53 6
15 54 4
15 56 1
15 57 6
15 60 2
15 61 2
15 63 6
15 64 3
15 66 5
15 68 1
15 73 4
15 74 3
15 76 6
15 77 2
15 79 2
15 80 3
15 81 4
15 82 6
15 83 3
15 85 1
15 86 5
15 87 6
15 88 2
15 89 1
15 90 5
15 94 5
15 98 1
16 17 4
16 18 4
16 19 1
16 20 1
16 23 4
16 24 3
16 26 2
16 29 1
16 31 5
16 32 6
16 36 6
16 37 4
16 38 1
16 39 3
16 40 6
16 44 2
16 46 5
16 48 4
16 50 4
16 51 6
16 52 3
16 54 2
16 55 4
16 56 2
16 57 1
16 58 4
16 62 2
16 65 5
16 66 5
16 68 1
16 71 5
16 72 1
16 74 5
16 76 5
16 77 4
16 79 2
16 81 2
16 82 1
16 83 2
16 85 6
16 90 1
16 91 5
16 92 5
16 93 6
16 94 2
16 98 5
17 18 4
17 22 2
17 23 2
17 24 2
17 27 6
17 33 5
17 35 3
17 38 3
17 42 3
17 44 3
17 47 5
17 48 2
17 49 3
17 52 4
17 53 2
17 54 2
17 55 4
17 56 5
17 58 5
17 59 3
17 60 5
17 62 3
17 63 4
17 65 4
17 67 3
17 68 5
17 70 1
17 72 1
17 74 2
17 77 3
17 78 1
17 79 1
17 80 5
17 81 6
17 82 4
17 84 3
17 85 3
17 90 3
17 92 5
17 93 1
17 94 3
18 20 3
18 21 5
18 22 3
18 24 4
18 25 5
18 27 3
18 29 3
18 31 2
18 33 5
18 34 3
18 36 4
18 38 2
18 40 3
18 41 1
18 43 2
18 44 2
18 45 3
18 47 5
18 48 3
18 49 2
18 50 6
18 52 5
18 53 2
18 54 4
18 55 4
18 57 5
18 58 4
18 59 4
18 60 6
18 61 3
18 63 6
18 64 2
18 65 6
18 67 1
18 69 2
18 70 3
18 74 2
18 75 4
18 77 1
18 78 1
18 80 4
18 81 2
18 82 5
18 84 1
18 87 5
18 88 2
18 90 3
18 91 5
18 92 2
18 93 3
18 94 5
18 95 3
18 96 4
18 99 6
19 20 3
19 24 6
19 25 5
19 27 1
19 28 2
19 29 5
19 31 6
19 32 5
19 33 2
19 34 2
19 35 3
19 36 2
19 37 5
19 38 6
19 39 4
19 41 3
19 42 2
19 45 3
19 49 5
19 54 4
19 55 2
19 56 2
19 59 5
19 60 2
19 61 1
19 62 6
19 65 4
19 66 4
19 68 6
19 69 2
19 79 4
19 80 4
19 81 4
19 82 5
19 83 2
19 84 6
19 91 2
19 93 4
19 95 1
19 96 5
19 98 2
19 99 6
20 23 5
20 24 4
20 25 4
20 26 3
20 28 2
20 30 2
20 31 4
20 36 3
20 38 2
20 39 4
20 40 5
20 41 2
20 42 2
20 44 2
20 46 1
20 47 4
20 49 6
20 50 6
20 51 2
20 53 1
20 56 6
20 60 3
20 63 6
20 66 5
20 67 6
20 68 4
20 69 1
20 71 4
20 75 6
20 76 5
20 77 2
20 78 3
20 79 1
20 80 1
20 86 3
20 87 5
20 92 5
20 93 3
20 94 3
20 95 1
20 97 4
21 23 4
21 25 5
21 26 5
21 28 3
21 31 5
21 32 4
21 36 3
21 37 4
21 38 4
21 39 3
21 40 1
21 42 1
21 43 2
21 44 2
21 46 2
21 49 4
21 50 4
21 51 2
21 52 5
21 53 1
21 54 4
21 55 2
21 56 1
21 57 6
21 58 6
21 61 1
21 65 6
21 67 5
21 71 5
21 73 3
21 74 4
21 75 5
21 76 3
21 77 1
21 78 3
21 79 4
21 82 3
21 83 3
21 85 3
21 86 1
21 88 3
21 90 3
21 91 1
21 92 3
21 93 1
21 94 5
21 95 5
21 96 6
21 97 3
22 24 6
22 26 5
22 28 2
22 29 5
22 30 6
22 31 1
22 32 3
22 33 5
22 35 6
22 36 1
22 41 6
22 43 4
22 44 6
22 45 6
22 47 4
22 48 1
22 49 6
22 50 2
22 51 1
22 52 1
22 53 2
22 54 6
22 57 2
22 59 4
22 60 6
22 61 5
22 62 1
22 63 2
22 64 1
22 67 4
22 68 4
22 70 5
22 71 1
22 72 1
22 74 1
22 75 6
22 76 4
22 78 1
22 80 5
22 81 5
22 84 3
22 86 3
22 87 6
22 88 6
22 90 1
22 92 6
22 93 4
22 94 4
22 95 2
22 97 6
22 99 6
23 24 5
23 25 4
23 26 2
23 29 2
23 31 1
23 33 2
23 34 1
23 35 6
23 36 3
23 37 1
23 38 5
23 40 5
23 41 5
23 42 4
23 44 2
23 45 6
23 48 5
23 50 3
23 51 2
23 52 2
23 57 2
23 59 2
23 60 1
23 61 1
23 62 2
23 63 6
23 64 1
23 65 5
23 66 5
23 71 1
23 72 1
23 74 2
23 75 2
23 76 3
23 78 2
23 79 3
23 82 3
23 84 4
23 85 2
23 89 2
23 93 3
23 94 2
23 95 6
23 96 4
23 98 2
24 28 6
24 32 5
24 37 4
24 40 4
24 41 2
24 44 6
24 45 3
24 46 5
24 50 2
24 51 2
24 52 4
24 53 6
24 54 2
24 56 2
24 57 1
24 58 2
24 60 5
24 61 2
24 62 6
24 63 4
24 64 5
24 65 4
24 66 2
24 67 5
24 69 2
24 72 6
24 73 3
24 76 2
24 77 6
24 78 6
24 79 4
24 80 3
24 81 4
24 82 1
24 83 4
24 84 5
24 87 2
24 88 1
24 89 2
24 90 2
24 96 2
24 97 2
24 98 3
24 99 5
25 28 6
25 29 3
25 31 2
25 33 5
25 35 6
25 41 4
25 42 4
25 43 6
25 48 1
25 49 6
25 54 5
25 55 2
25 56 1
25 58 6
25 59 2
25 60 5
25 61 2
25 62 2
25 63 4
25 64 1
25 65 6
25 67 3
25 69 5
25 72 3
25 73 4
25 74 5
25 75 2
25 79 1
25 80 4
25 81 2
25 82 3
25 83 3
25 85 6
25 87 5
25 89 6
25 90 1
25 91 2
25 93 2
25 95 6
25 96 2
25 98 3
25 99 2
26 28 3
26 31 3
26 32 1
26 34 5
26 35 2
26 36 4
26 37 3
26 38 6
26 39 1
26 40 5
26 43 6
26 44 6
26 46 4
26 47 4
26 51 6
26 52 4
26 55 5
26 57 4
26 58 4
26 59 3
26 61 3
26 62 4
26 63 2
26 66 1
26 67 1
26 69 5
26 70 4
26 71 4
26 72 1
26 74 4
26 75 2
26 76 5
26 77 6
26 78 4
26 79 6
26 80 5
26 82 4
26 88 1
26 89 6
26 91 3
26 92 2
26 93 4
26 94 4
26 96 2
26 99 6
27 30 1
27 33 6
27 34 4
27 35 6
27 38 1
27 39 6
27 40 6
27 41 5
27 44 4
27 46 2
27 47 4
27 48 3
27 52 6
27 56 1
27 57 5
27 59 1
27 63 2
27 64 2
27 65 2
27 67 6
27 68 1
27 70 1
27 73 6
27 74 1
27 76 6
27 79 3
27 80 4
27 81 1
27 83 1
27 84 3
27 85 3
27 87 4
27 89 1
27 90 1
27 91 4
27 92 2
27 93 1
27 95 3
27 96 4
27 98 5
27 99 2
28 29 1
28 31 4
28 32 4
28 33 2
28 35 4
28 36 2
28 38 2
28 39 1
28 40 1
28 42 4
28 43 2
28 45 6
28 47 5
28 49 5
28 51 1
28 53 6
28 56 3
28 58 3
28 59 5
28 61 1
28 63 3
28 64 6
28 65 1
28 67 6
28 69 5
28 70 2
28 71 1
28 73 3
28 74 3
28 75 5
28 76 3
28 77 6
28 78 2
28 80 2
28 81 6
28 82 5
28 83 4
28 84 3
28 86 6
28 87 3
28 92 6
28 94 3
28 96 5
28 98 1
28 99 3
29 33 6
29 34 5
29 35 4
29 36 6
29 38 2
29 39 1
29 40 3
29 42 1
29 43 4
29 44 1
29 45 1
29 46 1
29 47 3
29 48 1
29 49 3
29 52 1
29 53 4
29 54 3
29 55 4
29 56 6
29 58 3
29 61 6
29 63 5
29 64 2
29 65 5
29 66 3
29 67 5
29 68 1
29 70 1
29 71 4
29 72 5
29 73 4
29 74 5
29 76 6
29 79 2
29 80 1
29 81 1
29 82 2
29 84 3
29 85 5
29 86 3
29 87 1
29 89 1
29 90 4
29 91 2
29 92 6
29 93 3
29 94 6
29 95 1
29 96 4
29 97 1
29 98 1
30 31 4
30 34 1
30 36 5
30 38 1
30 42 5
30 43 6
30 44 6
30 45 5
30 47 4
30 48 6
30 51 4
30 52 1
30 53 4
30 55 1
30 56 5
30 58 1
30 60 6
30 61 2
30 63 3
30 66 1
30 68 5
30 69 2
30 70 3
30 73 4
30 77 6
30 78 4
30 79 4
30 80 6
30 81 2
30 83 4
30 86 1
30 89 2
30 92 5
30 93 3
30 94 2
30 96 5
30 97 4
30 98 3
30 99 1
31 32 5
31 33 1
31 34 6
31 35 3
31 36 6
31 37 1
31 39 4
31 40 6
31 41 2
31 43 5
31 44 6
31 45 3
31 46 4
31 49 1
31 51 4
31 52 5
31 53 4
31 55 6
31 57 6
31 58 1
31 60 3
31 61 3
31 62 1
31 64 5
31 66 5
31 67 2
31 68 5
31 71 1
31 73 6
31 75 2
31 76 6
31 77 1
31 78 5
31 79 2
31 80 2
31 81 5
31 82 6
31 83 3
31 84 4
31 87 4
31 88 3
31 89 3
31 90 2
31 94 3
31 95 2
31 96 3
31 97 1
31 99 6
32 33 2
32 34 2
32 36 6
32 39 1
32 40 4
32 42 3
32 43 6
32 44 5
32 46 5
32 47 3
32 48 4
32 49 1
32 51 1
32 52 1
32 53 4
32 55 1
32 57 2
32 58 4
32 59 2
32 62 3
32 65 2
32 66 6
32 68 1
32 69 4
32 70 4
32 72 1
32 74 4
32 75 1
32 76 6
32 77 6
32 81 4
32 82 1
32 83 3
32 84 5
32 85 3
32 87 3
32 89 2
32 90 4
32 91 2
32 93 3
32 95 6
32 98 6
32 99 5
33 34 1
33 35 6
33 36 2
33 37 2
33 39 4
33 40 3
33 41 2
33 43 1
33 45 2
33 47 2
33 49 6
33 51 3
33 52 4
33 53 3
33 54 4
33 55 2
33 56 1
33 57 3
33 58 1
33 61 4
33 64 5
33 66 5
33 67 6
33 68 3
33 69 6
33 70 1
33 71 2
33 72 2
33 73 5
33 76 4
33 77 2
33 78 1
33 79 5
33 81 5
33 82 5
33 83 2
33 86 6
33 87 4
33 88 2
33 91 5
33 92 2
33 95 1
33 96 3
33 97 4
33 98 3
33 99 3
34 38 3
34 39 4
34 40 1
34 42 5
34 46 6
34 47 6
34 50 6
34 51 1
34 54 1
34 55 3
34 56 3
34 58 1
34 59 1
34 62 4
34 63 6
34 64 4
34 67 4
34 68 5
34 69 4
34 71 6
34 74 1
34 76 4
34 77 4
34 80 2
34 81 6
34 82 6
34 83 5
34 84 3
34 86 2
34 92 2
34 93 4
34 94 1
34 95 5
34 98 3
34 99 6
35 36 3
35 39 3
35 43 2
35 44 6
35 47 3
35 48 2
35 49 3
35 50 1
35 53 3
35 54 1
35 57 3
35 58 1
35 59 6
35 60 3
35 61 5
35 63 6
35 64 3
35 68 6
35 69 6
35 70 4
35 71 5
35 73 6
35 75 1
35 78 1
35 79 6
35 81 2
35 82 1
35 83 1
35 87 5
35 88 3
35 89 6
35 91 5
35 92 2
35 94 4
35 96 5
35 98 2
35 99 6
36 37 4
36 40 6
36 41 1
36 42 3
36 43 1
36 44 2
36 46 6
36 47 4
36 53 6
36 55 5
36 58 6
36 60 3
36 64 6
36 67 1
36 68 2
36 69 3
36 71 4
36 73 6
36 74 1
36 75 3
36 77 5
36 79 5
36 80 4
36 81 5
36 82 5
36 83 1
36 86 2
36 87 4
36 88 6
36 91 5
36 94 5
36 96 2
36 97 1
36 99 1
37 39 6
37 40 4
37 42 1
37 44 3
37 45 3
37 48 1
37 49 5
37 51 4
37 52 5
37 54 5
37 55 2
37 61 1
37 63 4
37 64 3
37 65 4
37 67 5
37 69 3
37 71 4
37 74 1
37 75 1
37 77 1
37 80 1
37 82 5
37 86 6
37 92 1
37 95 6
37 96 4
37 97 5
37 98 4
38 39 6
38 40 1
38 42 5
38 43 3
38 44 3
38 45 4
38 46 4
38 47 3
38 49 3
38 50 6
38 54 1
38 56 3
38 57 5
38 59 5
38 60 2
38 64 2
38 66 1
38 67 1
38 69 6
38 70 5
38 72 2
38 73 1
38 74 4
38 75 4
38 77 2
38 79 1
38 81 4
38 83 5
38 85 5
38 86 4
38 87 3
38 88 6
38 89 2
38 90 3
38 92 4
38 93 4
38 95 6
38 96 1
38 97 6
38 98 1
38 99 4
39 40 1
39 42 5
39 44 6
39 45 5
39 46 2
39 47 3
39 49 4
39 53 2
39 56 4
39 57 4
39 58 6
39 60 3
39 61 5
39 62 1
39 63 6
39 64 3
39 65 1
39 66 4
39 69 5
39 70 3
39 74 6
39 76 5
39 77 4
39 78 6
39 79 1
39 81 3
39 82 3
39 83 3
39 84 1
39 86 5
39 87 4
39 89 5
39 91 6
39 92 4
39 94 2
39 96 6
39 97 2
39 99 4
40 42 6
40 43 6
40 46 3
40 47 5
40 48 3
40 49 1
40 51 3
40 52 1
40 53 4
40 54 2
40 55 6
40 56 6
40 65 1
40 66 2
40 68 2
40 69 6
40 70 2
40 71 5
40 73 2
40 74 5
40 77 5
40 79 1
40 81 2
40 84 1
40 86 5
40 88 2
40 89 4
40 92 2
40 95 6
40 96 1
40 97 4
41 43 5
41 44 2
41 47 6
41 51 4
41 53 4
41 54 5
41 55 3
41 56 6
41 57 6
41 59 4
41 61 2
41 62 2
41 64 5
41 65 5
41 68 5
41 69 4
41 70 2
41 75 4
41 77 1
41 80 4
41 81 4
41 82 2
41 83 4
41 85 3
41 86 6
41 87 5
41 89 6
41 91 5
41 93 6
41 94 4
41 98 5
42 43 2
42 46 1
42 47 1
42 48 1
42 50 1
42 53 5
42 54 4
42 56 6
42 58 1
42 59 2
42 60 1
42 62 2
42 63 2
42 64 1
42 65 5
42 67 4
42 68 2
42 69 2
42 71 3
42 73 3
42 76 3
42 77 4
42 78 5
42 80 5
42 81 4
42 82 4
42 85 2
42 86 2
42 88 6
42 91 5
42 93 6
42 95 4
42 96 1
42 97 4
42 98 1
43 45 2
43 46 6
43 47 5
43 49 6
43 50 1
43 51 2
43 52 2
43 54 3
43 56 3
43 59 2
43 60 3
43 61 6
43 63 6
43 64 1
43 65 4
43 66 3
43 68 3
43 70 2
43 73 2
43 74 4
43 75 4
43 77 5
43 78 3
43 80 4
43 81 1
43 82 6
43 84 6
43 85 5
43 87 2
43 91 4
43 92 1
43 94 5
43 96 5
43 98 6
43 99 4
44 45 3
44 46 4
44 47 4
44 50 2
44 52 5
44 53 1
44 57 6
44 59 5
44 61 3
44 62 2
44 64 4
44 65 4
44 68 2
44 72 3
44 74 4
44 76 4
44 77 5
44 78 3
44 79 5
44 81 4
44 86 2
44 87 1
44 91 5
44 92 4
44 93 2
44 94 4
44 98 4
44 99 2
45 46 1
45 47 6
45 48 4
45 53 6
45 54 1
45 55 2
45 56 6
45 57 5
45 59 1
45 60 1
45 61 3
45 63 3
45 64 5
45 65 3
45 67 5
45 68 5
45 69 1
45 71 6
45 76 3
45 78 3
45 79 1
45 81 2
45 82 5
45 83 4
45 86 6
45 87 3
45 94 3
45 97 3
46 47 1
46 48 6
46 49 3
46 51 6
46 52 1
46 53 4
46 54 6
46 57 3
46 58 2
46 60 3
46 64 5
46 65 4
46 67 6
46 68 6
46 70 6
46 71 6
46 74 2
46 75 1
46 76 1
46 77 2
46 79 3
46 83 1
46 84 1
46 85 4
46 86 2
46 87 1
46 88 5
46 89 2
46 92 1
46 94 2
46 96 4
46 98 6
46 99 2
47 48 1
47 49 6
47 50 5
47 52 1
47 53 5
47 54 3
47 55 4
47 56 5
47 57 6
47 59 1
47 60 5
47 63 5
47 64 5
47 70 3
47 71 2
47 72 4
47 73 5
47 74 6
47 75 1
47 76 5
47 78 6
47 79 5
47 80 1
47 82 6
47 84 5
47 85 5
47 87 4
47 88 1
47 89 4
47 90 2
47 91 2
47 92 3
47 93 6
47 94 6
47 96 6
47 99 5
48 50 3
48 51 1
48 52 5
48 53 4
48 54 6
48 55 4
48 56 1
48 57 5
48 58 3
48 59 6
48 60 5
48 61 3
48 64 5
48 67 2
48 69 1
48 71 1
48 73 5
48 74 5
48 75 6
48 77 3
48 79 3
48 81 1
48 85 1
48 86 6
48 87 6
48 88 2
48 90 2
48 93 5
48 94 3
48 95 5
48 97 3
48 98 2
48 99 6
49 50 4
49 51 1
49 52 1
49 53 3
49 58 1
49 59 5
49 60 2
49 61 5
49 62 3
49 65 3
49 67 4
49 68 1
49 69 6
49 72 6
49 73 6
49 75 1
49 81 3
49 82 4
49 84 5
49 86 6
49 87 2
49 88 4
49 89 4
49 90 1
49 91 3
49 92 6
49 93 5
49 94 6
49 96 1
49 97 1
49 98 4
49 99 2
50 51 1
50 57 3
50 58 6
50 59 4
50 62 2
50 63 4
50 64 3
50 65 2
50 67 2
50 69 3
50 70 6
50 74 1
50 76 1
50 79 4
50 80 3
50 82 6
50 83 5
50 84 2
50 85 6
50 86 3
50 87 5
50 90 6
50 92 1
50 94 1
50 96 6
50 97 2
50 98 2
51 52 6
51 54 5
51 55 4
51 56 5
51 58 1
51 59 2
51 60 1
51 62 6
51 63 4
51 65 1
51 66 2
51 67 1
51 68 6
51 69 1
51 70 2
51 71 1
51 74 2
51 75 4
51 76 5
51 77 6
51 78 1
51 80 4
51 81 2
51 83 1
51 85 5
51 87 3
51 90 6
51 91 1
51 92 6
51 93 5
51 95 1
51 96 3
51 97 4
51 98 6
51 99 4
52 55 1
52 56 4
52 58 3
52 59 2
52 60 1
52 63 4
52 64 4
52 65 3
52 66 6
52 68 4
52 69 1
52 72 4
52 73 6
52 74 4
52 75 2
52 77 4
52 80 1
52 81 5
52 82 1
52 83 1
52 84 6
52 86 6
52 87 6
52 88 3
52 90 2
52 91 4
52 92 2
52 93 6
52 98 3
52 99 5
53 54 6
53 57 2
53 60 4
53 61 1
53 63 2
53 64 3
53 65 3
53 66 2
53 67 1
53 69 3
53 70 5
53 71 4
53 73 1
53 74 3
53 75 2
53 76 6
53 77 2
53 81 3
53 82 3
53 84 3
53 86 4
53 87 3
53 88 4
53 91 4
53 92 4
53 93 6
53 94 2
53 95 3
53 96 2
53 97 5
53 99 5
54 55 2
54 56 1
54 57 6
54 60 2
54 61 1
54 62 3
54 63 5
54 64 1
54 65 4
54 68 3
54 72 1
54 73 6
54 74 6
54 75 6
54 76 4
54 77 5
54 78 2
54 79 4
54 80 1
54 81 6
54 82 4
54 83 1
54 84 4
54 85 3
54 87 1
54 89 1
54 90 5
54 91 3
54 94 3
54 96 1
54 97 3
54 98 5
54 99 2
55 56 2
55 57 5
55 59 2
55 63 5
55 64 6
55 65 5
55 66 5
55 67 1
55 68 2
55 70 3
55 72 5
55 73 2
55 74 5
55 75 5
55 76 4
55 78 3
55 79 2
55 80 5
55 82 1
55 83 2
55 84 6
55 85 1
55 86 1
55 88 2
55 89 3
55 90 2
55 91 1
55 92 5
55 93 1
55 94 2
55 95 4
55 96 3
55 98 1
56 58 3
56 60 4
56 61 1
56 62 3
56 64 2
56 67 5
56 68 6
56 69 5
56 70 5
56 71 6
56 72 6
56 73 4
56 79 1
56 81 3
56 84 4
56 85 3
56 87 4
56 88 4
56 89 4
56 90 3
56 92 3
56 94 3
56 95 6
56 97 3
56 98 4
57 60 1
57 61 2
57 64 6
57 65 6
57 66 2
57 72 6
57 73 4
57 75 2
57 76 3
57 77 2
57 78 3
57 79 6
57 81 5
57 82 2
57 84 5
57 85 1
57 89 4
57 90 3
57 91 4
57 92 4
57 95 2
57 98 1
58 59 2
58 60 1
58 62 3
58 68 6
58 70 2
58 71 2
58 72 6
58 73 1
58 74 2
58 75 1
58 76 3
58 77 6
58 78 2
58 79 1
58 81 3
58 82 6
58 83 4
58 85 3
58 86 3
58 88 4
58 91 1
58 93 2
58 94 5
58 96 3
58 99 3
59 60 2
59 61 1
59 62 2
59 66 3
59 67 4
59 68 3
59 69 2
59 70 1
59 71 4
59 73 6
59 74 5
59 75 5
59 78 2
59 81 6
59 82 3
59 83 4
59 85 4
59 86 5
59 90 2
59 91 5
59 92 3
59 93 1
59 94 4
59 95 6
59 98 1
59 99 1
60 61 1
60 63 6
60 65 4
60 66 1
60 67 4
60 68 2
60 69 5
60 70 2
60 73 2
60 76 1
60 77 3
60 78 3
60 79 5
60 80 4
60 81 1
60 83 3
60 84 1
60 85 2
60 86 1
60 88 3
60 89 6
60 91 5
60 93 5
60 94 4
60 95 4
60 97 2
60 98 2
60 99 4
61 62 6
61 64 3
61 68 2
61 70 3
61 73 6
61 74 6
61 77 6
61 78 1
61 80 4
61 83 3
61 84 4
61 87 5
61 91 6
61 92 5
61 93 2
61 95 1
61 96 2
61 97 5
61 98 3
61 99 4
62 64 6
62 65 4
62 67 1
62 68 6
62 69 1
62 70 6
62 71 1
62 72 5
62 73 5
62 74 6
62 75 4
62 76 3
62 77 3
62 80 6
62 81 5
62 82 6
62 84 4
62 85 1
62 88 3
62 89 1
62 90 2
62 91 4
62 92 3
62 96 4
63 64 2
63 65 4
63 66 5
63 68 3
63 70 5
63 71 5
63 72 3
63 74 2
63 75 1
63 76 4
63 79 1
63 80 4
63 81 2
63 82 1
63 83 1
63 85 3
63 86 1
63 87 1
63 89 6
63 90 3
63 94 6
63 96 5
63 97 2
63 98 2
64 65 2
64 67 2
64 68 6
64 69 6
64 70 1
64 71 3
64 72 6
64 73 5
64 75 3
64 77 4
64 78 2
64 79 2
64 80 6
64 81 4
64 83 1
64 84 1
64 89 1
64 90 3
64 92 2
64 94 3
64 98 4
64 99 6
65 66 5
65 67 4
65 69 2
65 71 5
65 72 3
65 73 5
65 74 1
65 75 6
65 78 1
65 80 3
65 82 1
65 83 3
65 85 1
65 86 5
65 87 4
65 88 6
65 92 4
65 93 4
65 95 5
65 99 3
66 67 4
66 69 4
66 70 4
66 72 2
66 73 5
66 74 2
66 75 1
66 77 2
66 78 4
66 79 5
66 80 6
66 83 5
66 85 4
66 86 6
66 87 6
66 90 5
66 91 6
66 94 2
66 95 5
66 96 4
66 97 6
66 98 4
66 99 6
67 68 5
67 69 3
67 70 2
67 73 6
67 75 1
67 76 2
67 78 5
67 79 5
67 81 1
67 83 1
67 84 4
67 85 2
67 87 6
67 89 5
67 92 2
67 94 4
67 95 2
67 97 3
67 99 6
68 69 3
68 71 6
68 72 3
68 73 4
68 76 4
68 77 3
68 78 1
68 80 4
68 81 6
68 83 4
68 84 3
68 85 5
68 86 6
68 88 3
68 91 1
68 92 6
68 93 2
68 95 4
68 96 2
68 97 2
68 98 3
68 99 5
69 70 2
69 71 3
69 73 6
69 75 4
69 78 6
69 79 3
69 81 6
69 82 5
69 84 4
69 86 6
69 87 3
69 88 5
69 92 1
69 94 6
69 98 1
70 72 4
70 76 2
70 77 4
70 79 3
70 81 4
70 82 5
70 83 5
70 85 1
70 86 6
70 89 1
70 92 6
70 93 1
70 97 3
70 98 3
70 99 2
71 72 3
71 73 5
71 74 2
71 75 6
71 78 1
71 80 4
71 81 1
71 83 4
71 85 4
71 86 6
71 87 3
71 89 1
71 90 4
71 91 6
71 94 4
71 95 2
71 96 2
72 73 3
72 74 3
72 75 2
72 76 5
72 77 5
72 78 3
72 79 5
72 80 3
72 81 2
72 82 6
72 83 6
72 85 6
72 86 2
72 87 5
72 88 2
72 89 4
72 91 3
72 98 6
72 99 2
73 74 1
73 75 4
73 76 1
73 78 3
73 80 1
73 81 1
73 82 4
73 85 6
73 86 1
73 88 6
73 89 1
73 91 3
73 92 5
74 75 1
74 77 1
74 78 1
74 79 6
74 81 1
74 82 1
74 84 6
74 87 4
74 89 4
74 90 4
74 91 2
74 92 4
74 93 4
74 97 4
75 77 1
75 78 6
75 81 5
75 83 2
75 84 6
75 85 1
75 86 1
75 88 6
75 91 5
75 94 2
75 95 4
75 97 5
75 98 1
75 99 6
76 77 5
76 78 4
76 79 6
76 80 4
76 86 6
76 88 4
76 89 2
76 91 4
76 92 1
76 94 4
76 95 5
76 96 2
76 97 4
76 98 3
76 99 3
77 78 6
77 79 3
77 81 3
77 83 2
77 85 5
77 87 4
77 89 2
77 90 4
77 91 1
77 92 3
77 94 5
77 95 6
77 97 4
77 98 4
78 79 2
78 80 5
78 81 6
78 82 1
78 84 3
78 85 5
78 88 5
78 89 6
78 91 1
78 92 4
78 94 1
78 98 5
78 99 3
79 80 2
79 81 6
79 82 3
79 84 6
79 86 3
79 87 4
79 88 5
79 89 2
79 90 5
79 91 2
79 92 5
79 93 1
79 94 1
79 95 1
79 97 1
79 99 2
80 81 4
80 84 4
80 85 5
80 87 2
80 88 4
80 89 1
80 92 1
80 93 6
80 94 5
80 95 3
80 99 4
81 82 5
81 83 4
81 84 2
81 85 2
81 87 5
81 89 2
81 90 2
81 91 4
81 92 6
81 94 5
81 97 2
81 98 2
82 84 4
82 85 3
82 86 6
82 89 5
82 90 4
82 92 3
82 93 1
82 94 1
82 95 3
82 98 5
83 84 4
83 87 5
83 88 4
83 90 2
83 91 6
83 92 5
83 93 2
83 95 2
83 97 1
83 98 5
84 86 4
84 87 3
84 88 3
84 89 6
84 91 2
84 94 1
84 95 2
84 97 2
84 98 5
84 99 6
85 86 5
85 87 6
85 88 5
85 89 2
85 91 1
85 92 4
85 94 6
85 97 3
86 87 3
86 89 2
86 90 2
86 91 2
86 92 2
86 93 4
86 96 5
86 97 6
86 98 6
86 99 4
87 88 3
87 89 4
87 90 6
87 93 2
87 94 4
87 97 3
87 99 4
88 91 5
88 92 4
88 93 4
88 95 4
88 96 4
89 90 5
89 93 6
89 94 2
89 95 6
89 96 3
89 97 2
89 98 5
89 99 5
90 92 6
90 94 4
90 95 6
90 97 1
90 98 6
90 99 3
91 94 3
91 95 2
91 96 2
91 97 4
91 99 6
92 95 6
92 96 2
92 98 1
93 94 2
93 95 4
93 98 5
93 99 3
94 96 1
94 98 2
94 99 3
95 98 2
96 97 5
96 98 6
97 99 1
98 99 4
5 64 21
12 35 6
21 78 89
22 98 62
22 92 84
52 89 84
58 79 40
63 41 80
80 36 2
86 88 85
88 71 6
91 49 24
92 20 21
96 62 66
99 14 74
