200 1000 50 19
52 23 132 77 149 191 104 120 136 96 124 10 38 189 24 97 162 63 158
137 145 5
137 94 1
137 43 1
137 153 4
137 8 3
137 71 1
137 82 5
137 194 5
137 146 5
137 88 4
145 52 1
145 44 4
145 20 3
145 61 2
145 133 1
145 193 5
145 32 3
145 65 1
145 46 2
174 194 1
174 7 1
174 76 4
174 82 3
174 11 4
174 107 3
174 69 5
174 177 1
174 167 3
174 170 2
194 111 5
194 24 5
194 122 3
194 152 1
194 164 1
194 153 5
194 104 3
194 12 2
66 103 4
66 75 2
66 158 4
66 126 4
66 74 2
66 24 1
66 143 4
66 179 5
66 141 5
66 99 1
103 38 4
103 58 5
103 88 2
103 193 2
103 156 4
103 136 4
103 68 2
103 162 4
103 85 3
96 113 1
96 92 3
96 197 2
96 192 3
96 168 4
96 181 1
96 77 4
96 15 5
96 142 5
96 100 2
113 99 5
113 83 1
113 40 3
113 150 3
113 84 4
113 130 4
113 87 2
113 115 1
113 199 4
52 177 4
52 112 2
52 134 3
52 48 2
52 156 2
52 109 3
52 95 5
52 30 2
52 38 3
177 93 5
177 172 2
177 150 3
177 36 2
177 15 2
177 59 5
177 5 3
177 186 2
147 158 5
147 45 4
147 75 1
147 171 1
147 127 5
147 161 4
147 27 5
147 143 3
147 53 5
147 181 2
158 155 2
158 172 1
158 109 5
158 55 5
158 74 1
158 148 3
158 157 4
158 138 3
28 67 3
28 22 2
28 25 4
28 134 3
28 70 3
28 51 1
28 55 3
28 175 1
28 81 5
28 0 5
67 198 2
67 61 2
67 124 4
67 119 3
67 81 4
67 21 4
67 178 2
67 191 2
67 144 2
45 105 5
45 91 4
45 100 3
45 94 1
45 168 5
45 136 2
45 87 1
45 199 5
45 198 4
128 163 4
128 83 5
128 185 5
128 133 2
128 132 3
128 44 5
128 104 4
128 17 2
128 77 2
128 107 3
163 22 3
163 85 4
163 23 1
163 188 5
163 116 2
163 119 4
163 152 2
163 11 3
163 60 5
57 121 4
57 6 2
57 36 1
57 106 4
57 198 2
57 72 3
57 10 5
57 155 1
57 43 2
57 140 1
121 68 4
121 155 4
121 33 3
121 115 3
121 17 5
121 1 1
121 70 3
121 170 3
121 27 5
68 185 3
68 30 1
68 58 4
68 71 3
68 187 2
68 182 2
68 53 2
68 159 1
11 14 2
11 144 3
11 195 4
11 176 2
11 157 1
11 8 1
11 100 3
11 94 3
14 144 5
14 116 2
14 134 2
14 189 5
14 36 2
14 49 3
14 26 5
14 85 4
14 47 5
6 48 3
6 150 1
6 140 2
6 185 3
6 77 4
6 138 1
6 133 4
6 146 2
6 155 3
48 72 3
48 166 4
48 151 3
48 15 4
48 80 5
48 135 5
48 60 5
48 78 4
22 144 2
22 125 4
22 72 3
22 39 4
22 127 4
22 85 5
22 192 3
22 7 1
5 92 1
5 199 5
5 46 4
5 165 5
5 56 5
5 51 3
5 149 1
5 98 5
5 88 2
92 73 5
92 184 3
92 179 2
92 151 5
92 188 3
92 196 5
92 154 2
92 98 2
0 23 3
0 130 4
0 125 5
0 97 1
0 185 5
0 7 4
0 105 3
0 198 1
0 42 1
23 90 1
23 75 3
23 169 5
23 112 2
23 167 4
23 27 2
23 184 3
23 119 3
72 131 4
72 32 3
72 110 2
72 82 2
72 81 4
72 141 1
72 197 2
38 135 5
38 83 3
38 162 2
38 143 4
38 115 1
38 85 2
38 178 1
38 182 1
135 183 1
135 146 1
135 164 2
135 129 2
135 16 4
135 114 2
135 46 5
135 125 2
9 99 2
9 165 3
9 146 1
9 154 4
9 107 5
9 78 2
9 55 5
9 27 3
9 134 4
9 17 1
99 20 1
99 196 4
99 73 2
99 54 3
99 95 2
99 105 3
99 157 3
58 122 3
58 167 2
58 111 5
58 129 5
58 47 5
58 185 2
58 109 5
58 136 1
122 44 1
122 91 1
122 175 5
122 17 2
122 87 3
122 55 3
122 180 2
122 130 5
41 51 2
41 60 2
41 25 1
41 151 1
41 123 5
41 86 2
41 192 3
41 75 4
41 173 1
41 191 4
51 13 5
51 198 5
51 81 4
51 179 3
51 131 2
51 108 4
51 187 3
110 132 1
110 65 2
110 112 5
110 40 3
110 98 5
110 1 5
110 129 5
110 188 5
110 169 2
132 108 5
132 21 2
132 119 5
132 173 3
132 140 3
132 87 3
132 44 1
132 185 2
198 35 5
198 141 5
198 46 3
198 136 5
198 118 3
73 195 1
73 138 3
73 117 3
73 197 5
73 169 4
73 1 5
73 134 4
73 2 4
166 146 3
166 70 4
166 43 4
166 114 3
166 126 3
166 39 4
166 20 4
166 186 5
166 195 4
32 60 5
32 19 4
32 100 5
32 183 3
32 186 3
32 139 4
32 148 5
32 111 3
60 143 1
60 17 3
60 142 4
60 108 2
60 79 5
60 65 5
74 75 1
74 154 3
74 124 5
74 176 3
74 31 5
74 56 2
74 10 1
74 104 5
75 146 5
75 81 3
75 188 1
75 59 3
75 3 3
102 155 3
102 65 2
102 95 5
102 82 2
102 191 3
102 181 1
102 20 2
102 116 1
102 91 1
102 138 1
155 143 4
155 156 1
155 55 1
155 19 3
155 172 2
63 173 5
63 37 1
63 120 4
63 46 3
63 21 5
63 176 4
63 20 4
63 104 1
63 26 2
63 183 3
173 187 2
173 143 2
173 39 4
173 176 1
173 46 4
173 8 1
173 148 3
106 116 2
106 175 1
106 61 2
106 53 2
106 18 3
106 37 1
106 195 3
106 153 4
106 162 2
116 193 1
116 146 1
116 25 2
116 117 5
116 120 1
116 124 1
144 165 5
144 50 2
144 94 4
144 56 2
144 149 1
144 8 4
176 199 5
176 90 4
176 185 3
176 37 4
176 133 2
176 89 3
199 44 4
199 157 1
199 129 1
199 152 3
199 40 4
199 70 1
95 134 2
95 143 3
95 189 2
95 89 5
95 35 1
95 27 2
95 131 5
134 19 1
134 117 4
134 118 1
134 142 5
172 120 2
172 88 5
172 127 2
172 178 2
172 160 2
172 152 5
172 27 5
36 186 3
36 16 3
36 130 4
36 54 2
36 40 1
36 39 5
36 123 4
62 195 4
62 190 4
62 39 4
62 50 4
62 127 3
62 81 3
62 150 5
62 154 4
62 49 4
62 98 5
195 35 3
195 33 3
195 160 2
195 10 2
195 29 1
143 87 1
143 124 5
143 12 1
56 124 5
56 61 4
56 126 2
56 153 2
56 181 1
56 64 4
56 162 2
124 183 1
124 108 2
124 79 1
124 13 4
124 139 3
4 123 3
4 76 3
4 71 5
4 196 5
4 25 3
4 84 5
4 37 3
4 54 4
4 157 3
4 129 3
123 191 1
123 159 3
123 86 5
123 108 4
123 175 1
123 80 2
123 192 2
65 120 1
65 86 5
65 170 1
65 33 5
65 131 5
65 50 2
34 133 3
34 127 3
34 76 3
34 37 2
34 149 5
34 171 1
34 83 5
34 78 5
34 8 2
34 184 3
133 78 2
133 170 3
133 183 1
133 109 5
133 148 1
55 70 4
55 24 3
55 69 2
55 64 5
55 17 2
70 162 5
70 50 3
70 197 2
70 12 4
70 54 4
93 182 4
93 168 3
93 186 1
93 171 5
93 85 2
93 53 3
93 165 3
93 109 5
93 108 3
182 88 3
182 193 4
182 83 3
182 157 2
182 24 3
182 114 4
182 117 3
2 162 2
2 189 3
2 148 2
2 175 3
2 184 3
2 7 5
2 125 3
2 79 5
2 88 1
162 39 5
162 69 5
162 140 2
162 94 2
105 175 4
105 193 4
105 100 1
105 10 3
105 131 4
105 181 5
105 61 5
175 59 5
175 152 1
175 76 5
175 120 4
43 97 5
43 190 4
43 171 1
43 89 1
43 35 2
43 13 4
43 120 5
97 161 4
97 179 1
97 142 2
97 30 5
97 178 1
97 148 2
97 180 4
97 189 5
193 190 3
193 84 4
193 90 2
193 191 4
193 8 5
120 46 3
120 160 3
120 64 1
120 83 5
171 24 1
171 150 5
171 49 1
171 101 3
171 90 1
171 142 1
76 129 2
76 15 2
76 152 5
76 188 5
76 118 5
76 89 5
129 59 3
129 98 4
129 39 1
129 139 2
161 59 2
161 160 1
161 114 5
161 117 1
161 79 2
161 25 2
161 17 5
161 20 4
189 13 5
189 8 5
189 117 3
189 188 4
189 186 5
189 15 4
190 24 5
190 19 5
190 101 3
190 79 4
190 170 5
190 47 2
190 37 5
100 184 2
100 138 5
100 77 4
100 196 1
100 167 1
61 86 3
61 12 3
61 153 5
61 88 4
61 69 2
86 156 3
86 7 1
86 90 4
86 89 1
86 149 4
86 167 1
49 130 2
49 98 3
49 27 2
49 151 4
49 47 4
49 26 3
49 149 5
130 71 5
130 33 5
130 69 4
130 80 5
130 159 1
35 40 5
35 13 4
35 30 1
35 127 1
35 80 2
35 111 3
179 54 4
179 101 5
179 191 2
179 164 4
179 64 2
179 94 2
192 197 4
192 26 3
192 83 2
192 108 5
192 114 1
192 84 1
197 20 1
197 15 5
197 10 4
197 30 1
197 126 1
79 149 3
79 107 3
79 104 3
79 37 2
79 29 2
149 82 5
149 71 4
149 42 4
149 191 2
18 142 1
18 3 4
18 77 4
18 104 2
18 39 1
18 169 2
18 10 3
18 83 2
18 167 3
142 125 3
142 101 5
142 165 3
142 12 3
30 107 3
30 31 5
30 27 2
30 94 3
30 164 5
107 167 3
107 83 3
107 180 3
107 40 1
107 16 4
42 118 5
42 81 2
42 183 5
42 12 2
42 89 4
42 101 5
42 64 1
42 24 4
118 91 2
118 138 1
118 109 2
118 71 2
118 141 1
118 1 1
181 187 4
181 115 4
181 8 3
181 17 5
181 119 2
187 88 3
187 12 2
187 168 4
187 111 4
187 13 4
187 164 1
83 196 3
146 94 3
146 165 3
146 54 2
90 185 1
90 169 1
90 8 3
90 98 2
90 25 1
19 21 4
19 15 5
19 183 4
19 29 3
19 150 3
19 168 1
20 85 5
20 169 4
20 167 3
154 188 2
154 159 1
154 1 4
154 69 5
154 64 1
154 89 5
188 168 2
188 29 3
188 33 3
94 139 5
94 180 3
13 87 2
13 180 5
13 114 3
13 131 5
191 156 5
191 7 4
191 82 1
44 136 4
44 157 3
44 109 3
44 80 1
44 26 4
136 157 2
136 53 5
136 78 3
136 178 1
136 84 2
87 180 3
87 69 2
87 159 5
87 186 2
46 8 5
46 77 2
46 33 5
168 47 1
168 80 3
168 151 4
168 196 5
148 126 2
148 25 4
148 53 5
148 141 4
183 26 1
183 114 5
183 33 3
157 16 1
157 104 3
186 31 2
186 160 2
186 7 2
117 153 3
117 185 2
117 40 1
117 109 2
153 131 3
153 180 3
153 156 3
153 84 4
98 64 1
98 165 2
98 81 4
109 112 2
109 25 2
184 59 1
184 152 2
184 71 2
184 80 1
184 53 1
156 138 1
156 125 4
156 31 4
156 50 3
24 54 5
24 1 2
24 125 2
150 40 3
150 29 4
150 21 3
150 77 1
39 40 3
39 1 5
47 164 5
47 91 2
47 180 5
47 21 3
47 3 2
164 53 3
164 26 5
164 7 4
164 178 5
50 108 4
50 112 1
50 170 4
50 37 3
50 141 1
108 25 1
108 114 2
59 91 4
59 3 1
59 125 2
59 115 5
82 140 2
82 101 1
82 85 5
82 29 4
140 31 3
140 167 4
140 15 4
140 151 3
140 160 5
91 139 5
91 115 5
91 101 2
91 25 1
71 16 2
71 114 5
71 169 3
165 111 5
165 101 3
165 80 3
111 114 2
111 104 1
111 89 1
111 115 2
112 159 3
112 104 1
112 138 3
112 53 3
112 131 2
159 69 3
159 29 4
159 180 5
159 170 1
85 27 3
85 119 1
125 54 2
125 16 3
81 54 2
81 27 2
84 115 1
84 101 2
84 31 4
84 169 5
115 21 1
115 139 5
127 7 5
127 141 4
127 178 5
127 1 3
131 17 3
131 89 2
16 78 3
16 31 2
16 3 1
16 12 4
78 178 1
78 77 2
78 26 5
78 10 3
53 33 5
37 119 1
37 169 3
119 141 2
119 77 2
119 31 5
88 152 3
88 160 1
3 126 2
3 17 3
3 138 5
3 21 2
3 1 4
126 33 1
126 10 3
126 40 3
126 151 2
54 64 4
64 196 2
64 29 2
151 180 2
151 1 5
151 170 4
101 104 1
33 178 1
10 160 3
10 29 1
160 7 4
160 185 2
139 152 5
139 69 3
139 178 4
139 89 1
152 170 2
21 26 3
21 80 5
26 15 4
31 196 1
31 141 3
169 12 5
196 12 2
196 170 4
77 69 3
141 29 2
138 80 4
15 167 4
3 5 88
4 132 41
4 66 91
4 44 170
6 166 49
15 123 128
16 182 61
18 67 105
18 42 47
18 20 80
18 112 24
19 89 199
23 24 163
25 111 38
29 151 146
29 158 176
32 60 114
33 155 26
38 195 91
44 11 58
46 100 62
48 136 24
48 188 185
54 126 176
54 17 186
56 85 3
61 97 86
61 144 168
62 192 189
63 1 178
64 90 163
72 72 117
73 96 78
73 148 184
76 16 65
79 118 76
81 65 124
82 53 142
82 163 166
86 82 173
86 178 33
88 15 87
89 51 78
91 117 59
92 74 125
96 68 21
96 94 6
96 81 52
97 55 17
99 103 74
