100 300 21 25
93 0 59 99 79 41 4 3 76 81 15 88 59 47 42 9 23 50 5 71 35 50 31 86 5
0 47 3
0 70 4
0 72 1
0 95 5
1 2 3
1 35 3
1 38 4
1 41 5
1 44 4
1 61 4
1 68 1
1 72 3
1 77 5
1 86 1
2 46 2
2 52 4
2 72 4
2 79 2
2 85 5
3 32 2
3 43 1
3 50 4
3 95 2
4 14 3
4 24 3
4 33 4
5 26 3
5 41 1
5 61 1
5 65 4
5 67 1
5 73 5
5 85 1
5 92 2
6 17 2
6 25 2
6 65 4
7 10 4
7 17 2
7 18 5
7 26 5
7 39 4
7 53 5
7 62 5
7 78 4
7 96 1
8 13 1
8 23 5
8 31 4
8 33 2
8 73 2
9 11 5
9 20 3
9 46 2
9 53 3
9 56 5
9 79 1
9 80 5
9 93 5
10 19 3
10 24 2
10 78 1
10 91 2
10 92 2
11 14 3
11 25 2
11 26 2
11 30 3
11 36 1
11 78 1
12 18 1
12 42 2
12 46 2
12 62 5
12 63 4
12 66 5
13 16 4
13 24 5
13 58 4
13 85 5
14 21 2
14 28 4
14 35 1
14 73 4
14 92 1
15 25 5
15 34 1
15 69 2
15 86 3
15 90 1
16 24 4
16 29 3
16 59 2
16 63 4
16 76 1
17 33 3
17 42 2
17 65 4
17 92 4
18 33 5
18 37 5
18 48 3
18 90 3
19 23 2
19 27 3
19 36 2
19 46 2
19 47 4
19 49 2
19 52 4
20 37 1
20 50 3
20 67 2
20 83 3
21 24 3
21 33 1
21 35 3
21 65 5
21 74 3
21 78 5
21 96 3
22 47 4
22 95 4
23 31 4
23 36 2
23 60 5
23 66 5
24 86 1
24 87 3
25 30 3
25 36 1
25 48 2
25 79 3
26 28 5
26 29 1
26 32 3
26 36 4
26 47 5
26 52 5
26 94 3
26 98 3
27 33 2
27 46 2
27 61 2
27 78 3
27 83 5
27 99 1
28 52 3
28 60 2
28 65 3
29 34 1
29 64 1
29 93 1
30 31 2
30 42 1
30 52 5
30 53 1
30 92 4
31 39 3
31 58 2
31 59 5
31 76 4
31 81 5
32 34 3
32 62 3
33 34 5
33 44 1
33 45 4
33 50 4
33 83 3
34 73 1
35 49 3
35 59 2
35 72 4
35 92 1
36 45 1
36 61 3
36 67 1
37 38 2
37 39 1
37 48 3
37 60 2
37 77 2
37 79 1
37 83 3
38 75 1
38 79 2
38 95 4
39 47 3
39 74 2
39 79 4
39 86 3
40 51 3
40 57 1
40 80 4
41 59 1
41 84 2
41 89 2
42 47 4
42 57 5
42 59 5
42 67 2
42 68 4
42 81 2
42 90 2
42 94 2
43 44 5
43 54 2
43 75 2
43 77 2
43 89 5
44 52 3
44 63 3
44 71 3
44 95 3
45 54 3
45 87 5
46 71 3
46 83 2
46 85 2
46 87 4
46 97 4
47 58 5
47 73 4
47 92 3
48 69 5
48 74 4
48 79 5
49 82 5
49 83 2
49 90 5
50 60 4
50 69 2
50 72 4
50 78 2
50 89 1
51 68 2
51 82 5
51 97 3
51 98 1
52 55 3
52 63 4
52 70 2
52 73 1
53 83 3
53 98 3
54 77 5
54 79 4
54 92 4
54 99 1
55 92 1
56 78 5
56 84 1
56 96 2
58 84 2
58 91 2
58 92 5
59 65 5
59 69 3
60 63 2
60 73 5
60 84 1
61 93 5
62 67 5
63 67 2
63 70 1
64 71 4
65 69 2
66 94 4
66 95 5
67 69 4
67 97 3
69 90 2
69 95 2
70 77 5
70 98 2
71 98 2
72 92 1
72 99 4
74 87 3
74 91 4
74 92 1
75 93 5
76 82 5
76 99 2
78 92 4
79 90 3
80 95 1
83 85 2
84 95 2
85 92 1
87 90 5
87 95 5
88 96 3
89 94 1
90 94 1
90 95 5
91 99 5
92 99 3
95 99 5
6 13 53
7 26 46
13 14 7
20 54 11
21 12 85
21 75 33
26 60 57
35 3 41
38 81 33
41 51 98
42 78 83
43 39 54
44 32 20
48 99 26
64 28 89
70 7 65
70 31 82
71 22 94
88 69 21
94 88 35
98 79 64
