100 2459 46 14
48 96 57 34 72 96 6 55 1 96 22 96 97 76
0 1 15
0 2 3
0 6 7
0 10 5
0 13 9
0 14 17
0 15 13
0 20 10
0 27 7
0 28 7
0 29 15
0 30 10
0 31 11
0 35 7
0 42 11
0 43 17
0 45 11
0 49 3
0 50 8
0 51 14
0 52 16
0 53 14
0 54 7
0 57 11
0 58 11
0 59 2
0 61 9
0 63 3
0 64 1
0 65 12
0 69 16
0 71 6
0 73 4
0 74 14
0 77 4
0 79 14
0 80 17
0 84 10
0 85 13
0 86 15
0 87 4
0 91 14
0 92 10
0 93 7
1 4 15
1 6 6
1 7 11
1 8 9
1 11 17
1 12 9
1 15 5
1 17 9
1 18 17
1 19 11
1 22 9
1 24 12
1 25 6
1 26 4
1 27 8
1 29 17
1 34 4
1 35 9
1 36 11
1 38 10
1 42 9
1 44 3
1 45 9
1 56 9
1 58 6
1 62 8
1 63 16
1 65 4
1 66 2
1 70 1
1 74 7
1 75 6
1 78 15
1 79 17
1 81 4
1 82 4
1 85 8
1 88 17
1 91 1
1 92 6
1 94 5
1 96 9
1 97 8
1 98 13
2 3 14
2 5 4
2 7 11
2 8 9
2 9 3
2 11 15
2 16 14
2 17 17
2 19 17
2 21 17
2 22 2
2 25 16
2 30 10
2 33 16
2 34 16
2 35 3
2 37 1
2 41 1
2 42 17
2 44 6
2 48 17
2 49 12
2 50 10
2 56 15
2 59 1
2 62 4
2 69 17
2 70 1
2 71 9
2 72 15
2 73 9
2 76 8
2 79 1
2 80 15
2 83 4
2 86 2
2 87 14
2 88 1
2 90 7
2 91 15
2 93 11
2 94 15
2 96 15
3 6 11
3 7 1
3 11 2
3 12 9
3 15 16
3 16 13
3 18 4
3 22 5
3 26 14
3 28 7
3 29 10
3 30 7
3 31 15
3 32 15
3 36 1
3 37 7
3 41 5
3 43 3
3 44 7
3 46 10
3 48 9
3 49 3
3 52 17
3 53 8
3 54 15
3 55 1
3 57 3
3 58 8
3 59 14
3 60 9
3 61 7
3 62 13
3 63 9
3 64 11
3 65 17
3 67 9
3 68 1
3 73 11
3 75 1
3 77 15
3 78 14
3 80 10
3 81 2
3 82 10
3 87 2
3 90 5
3 92 17
3 93 3
3 98 12
4 10 13
4 11 13
4 13 13
4 14 2
4 19 1
4 20 14
4 21 17
4 23 16
4 24 16
4 25 3
4 26 11
4 27 10
4 29 13
4 30 7
4 31 11
4 32 11
4 34 15
4 36 2
4 39 2
4 40 8
4 41 13
4 42 9
4 43 6
4 44 2
4 46 2
4 49 14
4 52 1
4 53 7
4 54 14
4 59 5
4 63 12
4 65 3
4 69 15
4 70 14
4 74 6
4 77 5
4 78 4
4 80 17
4 83 12
4 84 9
4 85 5
4 86 1
4 88 3
4 91 17
4 94 8
4 98 16
4 99 5
5 6 1
5 7 9
5 8 17
5 9 11
5 10 5
5 11 13
5 16 5
5 17 10
5 18 8
5 21 2
5 23 17
5 26 4
5 29 1
5 30 1
5 37 15
5 41 16
5 44 10
5 45 5
5 51 14
5 52 1
5 53 2
5 60 7
5 65 14
5 67 4
5 69 2
5 70 10
5 71 16
5 73 5
5 74 16
5 75 6
5 77 14
5 78 14
5 79 4
5 80 17
5 82 13
5 88 8
5 93 7
5 94 13
5 95 3
5 96 12
5 99 1
6 7 5
6 8 11
6 9 4
6 10 7
6 14 1
6 15 14
6 16 15
6 17 13
6 19 5
6 20 17
6 23 17
6 24 10
6 25 15
6 26 13
6 30 14
6 31 11
6 34 5
6 35 11
6 37 2
6 38 8
6 39 11
6 40 6
6 42 10
6 46 2
6 47 12
6 48 12
6 49 17
6 50 11
6 53 9
6 54 9
6 56 5
6 57 13
6 59 11
6 60 2
6 63 15
6 66 15
6 73 9
6 74 14
6 77 17
6 78 8
6 79 7
6 80 11
6 81 15
6 83 6
6 84 10
6 88 17
6 90 9
6 91 17
6 94 7
6 96 14
6 97 16
7 8 6
7 9 12
7 11 13
7 12 3
7 13 3
7 15 6
7 16 14
7 17 6
7 21 14
7 24 14
7 25 5
7 26 7
7 27 3
7 28 8
7 29 10
7 30 5
7 32 8
7 33 7
7 36 7
7 40 17
7 42 4
7 44 6
7 45 5
7 46 4
7 47 13
7 48 4
7 50 12
7 51 5
7 54 7
7 55 8
7 56 15
7 57 15
7 59 3
7 60 14
7 63 16
7 65 15
7 66 17
7 67 17
7 74 9
7 75 1
7 76 1
7 78 6
7 79 7
7 83 14
7 87 6
7 88 3
7 91 12
7 92 10
7 95 12
7 99 13
8 12 10
8 13 5
8 16 14
8 17 16
8 18 7
8 19 5
8 20 1
8 22 15
8 24 6
8 25 6
8 26 4
8 33 4
8 34 11
8 37 7
8 38 10
8 40 7
8 41 3
8 42 13
8 44 8
8 45 10
8 47 13
8 48 9
8 49 17
8 50 14
8 51 1
8 53 15
8 54 16
8 55 10
8 56 6
8 57 7
8 58 12
8 61 11
8 62 5
8 63 16
8 66 9
8 68 13
8 69 1
8 70 8
8 71 16
8 73 16
8 74 1
8 75 9
8 78 12
8 81 16
8 84 5
8 85 2
8 88 13
8 90 9
8 92 16
8 93 17
8 94 16
8 96 7
8 97 3
8 98 12
8 99 15
9 11 16
9 13 9
9 14 16
9 17 16
9 20 8
9 21 14
9 23 3
9 24 4
9 26 2
9 28 11
9 29 15
9 31 2
9 33 1
9 36 1
9 42 11
9 49 12
9 51 1
9 52 5
9 53 1
9 54 9
9 57 4
9 58 5
9 63 6
9 64 2
9 65 1
9 68 13
9 70 6
9 72 5
9 76 14
9 77 2
9 78 4
9 79 11
9 84 15
9 86 3
9 89 12
9 90 12
9 92 8
9 94 16
9 95 14
9 97 10
9 98 2
9 99 11
10 11 4
10 13 3
10 17 8
10 18 14
10 19 17
10 21 10
10 22 11
10 25 5
10 29 5
10 30 9
10 31 13
10 33 8
10 37 13
10 38 11
10 43 15
10 44 7
10 46 9
10 47 13
10 48 1
10 49 5
10 51 2
10 52 2
10 54 7
10 55 14
10 56 16
10 58 11
10 59 15
10 61 5
10 62 8
10 64 10
10 65 15
10 68 13
10 72 11
10 73 7
10 74 13
10 76 3
10 77 12
10 81 11
10 82 5
10 84 12
10 86 14
10 89 5
10 91 12
10 92 5
10 95 12
10 96 9
10 97 10
10 99 12
11 13 1
11 15 9
11 16 17
11 18 11
11 21 15
11 22 14
11 24 5
11 25 8
11 29 9
11 30 13
11 31 3
11 32 16
11 37 16
11 38 17
11 41 15
11 47 13
11 48 16
11 50 16
11 55 9
11 62 5
11 63 10
11 66 7
11 68 1
11 70 17
11 73 8
11 74 7
11 76 13
11 77 1
11 78 13
11 79 9
11 80 3
11 81 14
11 83 6
11 84 10
11 88 11
11 89 5
11 90 4
11 91 8
11 92 14
11 93 13
11 94 7
11 95 2
11 96 5
11 97 10
12 13 13
12 15 16
12 16 6
12 19 2
12 22 4
12 24 7
12 25 1
12 26 12
12 27 13
12 28 3
12 29 2
12 30 8
12 31 2
12 32 9
12 36 7
12 37 17
12 40 5
12 42 14
12 43 17
12 45 3
12 46 11
12 47 14
12 48 9
12 50 11
12 53 6
12 54 9
12 55 7
12 58 9
12 60 3
12 61 3
12 62 10
12 64 1
12 69 4
12 74 7
12 77 9
12 79 13
12 82 7
12 83 4
12 84 4
12 85 10
12 88 11
12 89 6
12 90 3
12 93 14
12 97 2
13 14 17
13 15 6
13 16 9
13 17 15
13 18 4
13 19 2
13 22 11
13 27 14
13 37 15
13 39 8
13 40 4
13 43 15
13 44 13
13 47 4
13 49 9
13 52 7
13 55 13
13 56 15
13 59 5
13 62 13
13 63 8
13 64 2
13 65 13
13 67 10
13 68 7
13 69 3
13 72 4
13 73 8
13 75 16
13 76 13
13 77 11
13 78 4
13 79 12
13 80 17
13 82 3
13 84 7
13 85 9
13 86 9
13 88 8
13 90 6
13 94 2
13 99 8
14 15 11
14 19 3
14 22 11
14 23 12
14 25 2
14 26 9
14 27 9
14 29 5
14 32 1
14 33 10
14 34 9
14 36 6
14 38 16
14 40 16
14 41 8
14 44 14
14 47 3
14 50 12
14 51 16
14 52 5
14 54 14
14 57 8
14 60 10
14 63 4
14 64 3
14 69 16
14 70 9
14 71 1
14 76 17
14 77 4
14 79 10
14 81 2
14 86 15
14 91 6
14 92 5
14 93 2
14 94 10
14 95 1
14 96 6
14 98 11
14 99 1
15 20 10
15 21 12
15 25 7
15 27 5
15 33 2
15 35 12
15 37 5
15 38 10
15 40 5
15 41 11
15 49 13
15 50 9
15 51 17
15 53 5
15 54 4
15 56 11
15 57 13
15 58 16
15 59 4
15 61 8
15 62 9
15 63 8
15 64 11
15 68 11
15 70 16
15 71 17
15 72 1
15 75 14
15 76 12
15 77 14
15 78 15
15 79 2
15 81 1
15 84 6
15 85 15
15 86 10
15 89 12
15 94 13
15 95 16
15 96 8
15 98 8
15 99 8
16 18 16
16 19 7
16 21 14
16 33 10
16 36 14
16 37 3
16 41 12
16 44 17
16 46 2
16 48 11
16 49 1
16 50 17
16 51 16
16 52 17
16 53 16
16 54 2
16 58 15
16 60 4
16 64 9
16 67 15
16 68 13
16 69 11
16 70 11
16 71 14
16 75 10
16 76 1
16 77 6
16 80 5
16 88 14
16 89 12
16 90 5
16 91 2
16 95 13
16 97 3
16 98 2
16 99 7
17 19 10
17 22 16
17 25 12
17 27 10
17 29 17
17 30 5
17 35 9
17 38 17
17 39 5
17 40 3
17 42 5
17 43 5
17 44 1
17 49 9
17 50 5
17 51 9
17 55 17
17 56 13
17 58 5
17 59 12
17 61 5
17 64 11
17 65 10
17 68 6
17 70 4
17 71 4
17 72 5
17 75 16
17 76 16
17 79 8
17 80 9
17 83 9
17 84 6
17 85 5
17 87 14
17 88 8
17 90 9
17 92 4
17 93 14
17 95 4
17 96 2
17 97 11
17 98 2
17 99 17
18 21 1
18 22 10
18 23 13
18 26 15
18 27 4
18 28 15
18 29 9
18 30 5
18 31 13
18 33 4
18 34 6
18 36 1
18 37 2
18 38 10
18 39 7
18 40 14
18 41 1
18 43 8
18 45 1
18 51 2
18 52 1
18 56 17
18 60 16
18 64 15
18 69 6
18 70 2
18 73 12
18 75 13
18 76 17
18 79 7
18 82 9
18 83 7
18 84 5
18 86 6
18 90 17
18 92 4
18 94 13
18 95 17
18 97 9
19 22 8
19 24 6
19 25 2
19 28 7
19 29 9
19 31 3
19 32 11
19 33 2
19 37 5
19 39 16
19 40 8
19 41 2
19 44 15
19 45 7
19 50 10
19 54 11
19 55 12
19 57 9
19 58 5
19 59 8
19 60 11
19 61 8
19 63 2
19 64 8
19 66 2
19 71 9
19 72 16
19 73 3
19 75 14
19 76 7
19 80 7
19 81 9
19 84 9
19 85 14
19 86 11
19 88 15
19 93 1
19 94 10
19 97 1
19 99 13
20 21 4
20 22 14
20 25 12
20 26 16
20 27 3
20 28 3
20 29 6
20 31 13
20 32 2
20 34 1
20 35 11
20 38 15
20 40 15
20 41 6
20 42 1
20 44 9
20 46 12
20 47 9
20 49 10
20 53 6
20 54 12
20 55 6
20 62 4
20 64 9
20 65 3
20 66 17
20 67 9
20 69 3
20 70 9
20 71 3
20 74 15
20 78 16
20 79 13
20 82 12
20 83 15
20 84 1
20 86 9
20 87 4
20 91 7
20 93 8
20 94 17
20 97 15
21 22 15
21 25 2
21 28 6
21 29 9
21 31 11
21 33 9
21 35 12
21 37 7
21 40 17
21 41 4
21 46 3
21 47 5
21 51 15
21 52 16
21 53 7
21 54 1
21 60 13
21 64 8
21 68 15
21 69 5
21 70 12
21 74 17
21 77 9
21 79 8
21 80 9
21 84 17
21 85 3
21 86 10
21 91 13
21 92 16
21 96 10
21 97 7
21 98 4
22 23 12
22 25 11
22 27 10
22 30 6
22 31 12
22 33 1
22 35 14
22 39 2
22 41 4
22 42 6
22 48 12
22 50 14
22 52 5
22 53 1
22 55 13
22 56 10
22 57 5
22 60 5
22 61 1
22 63 8
22 65 13
22 67 17
22 69 4
22 70 10
22 73 8
22 74 16
22 82 6
22 84 3
22 86 1
22 87 10
22 90 16
22 91 14
22 94 12
23 24 12
23 26 14
23 27 5
23 29 4
23 31 7
23 33 10
23 34 3
23 36 14
23 37 6
23 38 4
23 42 4
23 45 8
23 47 12
23 48 11
23 49 12
23 53 5
23 54 11
23 55 7
23 57 14
23 58 15
23 63 17
23 64 17
23 65 1
23 67 1
23 68 11
23 69 2
23 71 14
23 72 15
23 75 15
23 76 2
23 78 4
23 81 15
23 82 14
23 83 16
23 84 15
23 86 4
23 87 11
23 89 17
23 90 12
23 94 8
23 95 14
23 96 13
23 98 15
24 27 14
24 28 15
24 30 6
24 31 16
24 33 7
24 36 7
24 39 16
24 41 8
24 42 6
24 47 10
24 53 8
24 54 2
24 58 3
24 60 10
24 63 12
24 64 1
24 65 3
24 71 3
24 74 4
24 75 10
24 76 10
24 77 4
24 80 14
24 82 13
24 83 6
24 87 17
24 88 13
24 92 7
24 96 16
24 99 11
25 26 9
25 33 1
25 34 14
25 38 15
25 42 15
25 45 8
25 47 17
25 50 7
25 51 17
25 54 17
25 58 15
25 59 3
25 61 3
25 66 13
25 68 7
25 70 2
25 78 2
25 79 12
25 80 1
25 81 2
25 82 17
25 84 7
25 86 10
25 88 8
25 89 13
25 92 1
25 93 8
25 96 4
26 27 8
26 29 11
26 32 6
26 33 14
26 34 9
26 37 14
26 42 5
26 45 9
26 48 12
26 51 11
26 52 16
26 53 15
26 54 5
26 57 17
26 58 3
26 64 9
26 66 14
26 68 9
26 75 13
26 76 6
26 81 9
26 83 16
26 85 12
26 87 11
26 90 1
26 92 7
26 95 10
26 96 9
26 99 16
27 29 4
27 31 14
27 34 13
27 35 8
27 38 8
27 39 13
27 41 1
27 42 5
27 43 14
27 45 6
27 46 9
27 47 9
27 48 14
27 49 6
27 51 12
27 53 16
27 57 6
27 59 9
27 61 5
27 65 1
27 66 7
27 68 8
27 69 17
27 70 11
27 74 3
27 75 11
27 76 15
27 77 13
27 79 9
27 80 8
27 81 12
27 82 4
27 83 11
27 85 4
27 86 12
27 87 17
27 88 4
27 92 1
27 93 12
27 95 7
27 97 7
27 98 13
28 29 13
28 32 7
28 33 12
28 34 3
28 35 8
28 36 12
28 37 13
28 38 13
28 39 13
28 42 1
28 44 4
28 48 12
28 49 4
28 51 9
28 54 17
28 55 10
28 56 17
28 57 8
28 58 7
28 63 17
28 64 1
28 69 3
28 72 1
28 75 12
28 77 15
28 84 5
28 85 6
28 89 12
28 91 8
28 93 6
28 94 10
28 98 12
29 30 15
29 31 6
29 32 9
29 33 13
29 35 7
29 38 15
29 40 15
29 41 5
29 42 8
29 45 8
29 48 16
29 49 6
29 50 4
29 55 9
29 59 2
29 61 12
29 63 13
29 66 9
29 69 9
29 74 3
29 75 10
29 76 7
29 79 11
29 80 8
29 81 3
29 83 6
29 84 14
29 85 5
29 87 17
29 89 8
29 90 1
29 92 1
29 95 11
29 97 17
29 98 9
29 99 9
30 33 12
30 34 15
30 35 11
30 36 6
30 39 3
30 43 4
30 45 15
30 49 13
30 52 17
30 54 4
30 57 8
30 61 10
30 62 13
30 64 5
30 65 6
30 66 2
30 67 3
30 68 13
30 70 9
30 72 3
30 75 7
30 76 17
30 77 5
30 80 4
30 81 17
30 83 5
30 84 5
30 86 17
30 89 11
30 90 17
30 91 13
30 92 9
30 95 10
31 32 7
31 34 4
31 36 11
31 37 5
31 40 1
31 46 13
31 47 6
31 48 14
31 49 12
31 51 11
31 52 11
31 54 17
31 57 6
31 58 11
31 60 5
31 63 4
31 64 4
31 65 4
31 68 6
31 69 12
31 70 16
31 71 11
31 72 3
31 77 15
31 80 7
31 81 8
31 86 8
31 91 5
31 93 12
31 97 14
32 34 14
32 35 12
32 38 4
32 42 4
32 44 5
32 46 16
32 48 6
32 51 12
32 55 13
32 56 2
32 57 3
32 61 15
32 64 1
32 65 10
32 67 15
32 70 12
32 76 5
32 77 12
32 78 3
32 79 16
32 80 3
32 81 3
32 82 17
32 83 2
32 85 17
32 87 13
32 89 12
32 90 2
32 91 9
32 92 9
32 93 15
32 97 13
32 98 1
32 99 12
33 34 8
33 35 12
33 36 13
33 39 2
33 40 7
33 41 8
33 45 16
33 48 3
33 49 1
33 51 3
33 53 13
33 54 6
33 56 2
33 59 6
33 62 1
33 63 3
33 65 15
33 66 4
33 68 5
33 70 12
33 71 2
33 72 1
33 73 14
33 74 8
33 79 16
33 83 11
33 85 15
33 87 16
33 88 16
33 90 1
33 96 4
33 97 10
34 40 7
34 41 11
34 43 6
34 44 5
34 45 7
34 47 11
34 51 2
34 53 2
34 54 14
34 55 10
34 57 2
34 58 7
34 60 8
34 61 3
34 62 7
34 64 13
34 65 11
34 69 4
34 70 1
34 71 14
34 75 16
34 76 6
34 84 13
34 85 7
34 87 5
34 88 6
34 90 6
34 91 14
34 93 5
34 94 12
34 95 3
34 97 13
34 98 16
35 37 6
35 39 12
35 40 4
35 41 8
35 42 13
35 43 6
35 45 11
35 47 9
35 52 4
35 55 14
35 57 11
35 58 4
35 60 2
35 61 10
35 63 14
35 65 7
35 66 8
35 70 11
35 71 6
35 73 15
35 74 6
35 76 13
35 77 9
35 80 7
35 82 5
35 86 10
35 88 7
35 89 5
35 90 16
35 91 5
35 92 17
35 93 15
35 94 12
35 98 14
35 99 4
36 38 3
36 40 1
36 42 12
36 43 13
36 48 9
36 49 5
36 50 5
36 52 16
36 54 2
36 56 13
36 58 14
36 59 15
36 60 8
36 61 10
36 64 17
36 65 12
36 66 9
36 68 13
36 70 5
36 74 15
36 77 10
36 78 11
36 79 13
36 80 17
36 82 2
36 83 2
36 88 1
36 90 5
36 94 12
36 95 8
36 97 14
37 38 14
37 39 9
37 40 9
37 41 14
37 43 2
37 44 12
37 46 4
37 47 16
37 48 9
37 53 14
37 54 11
37 55 5
37 56 15
37 60 6
37 63 7
37 64 9
37 65 6
37 66 11
37 69 3
37 71 2
37 72 16
37 73 7
37 76 11
37 77 17
37 78 10
37 79 16
37 80 12
37 81 5
37 83 6
37 84 3
37 85 7
37 87 17
37 95 12
37 97 13
38 43 3
38 44 5
38 45 14
38 46 5
38 47 3
38 52 11
38 54 13
38 58 15
38 59 6
38 60 10
38 61 3
38 62 17
38 63 4
38 64 9
38 65 16
38 66 11
38 68 9
38 69 17
38 73 1
38 74 5
38 75 13
38 79 10
38 80 5
38 84 4
38 85 5
38 88 12
38 90 2
38 91 16
38 94 8
38 95 1
38 96 12
38 98 11
39 41 12
39 43 2
39 46 11
39 47 16
39 48 13
39 49 15
39 52 17
39 59 9
39 60 6
39 66 4
39 67 4
39 68 3
39 70 6
39 76 16
39 78 11
39 81 11
39 84 5
39 86 5
39 87 16
39 88 16
39 89 13
39 90 8
39 91 9
39 93 13
39 94 17
39 95 15
39 96 4
39 99 5
40 42 6
40 44 5
40 45 2
40 46 13
40 47 7
40 49 3
40 50 5
40 51 3
40 54 13
40 58 12
40 59 3
40 60 7
40 61 6
40 63 10
40 67 2
40 68 12
40 74 1
40 77 5
40 78 2
40 79 4
40 82 14
40 87 15
40 88 14
40 93 5
40 95 13
40 96 9
40 98 12
40 99 16
41 42 7
41 43 10
41 44 2
41 47 12
41 50 6
41 51 7
41 57 3
41 58 17
41 59 16
41 60 17
41 65 10
41 68 3
41 71 8
41 72 6
41 73 7
41 74 6
41 75 9
41 76 16
41 77 2
41 78 14
41 79 17
41 80 1
41 81 1
41 86 3
41 89 3
41 91 2
41 94 1
41 96 9
41 99 2
42 44 9
42 45 13
42 48 3
42 51 6
42 53 3
42 54 15
42 55 3
42 56 4
42 57 11
42 58 8
42 59 8
42 60 11
42 63 4
42 64 5
42 65 4
42 68 1
42 69 8
42 72 17
42 76 3
42 77 8
42 80 1
42 81 3
42 82 15
42 85 3
42 86 1
42 87 3
42 95 2
42 97 5
42 98 1
42 99 8
43 44 17
43 46 5
43 47 15
43 48 5
43 50 14
43 57 9
43 59 5
43 61 7
43 63 16
43 72 12
43 73 4
43 77 11
43 78 16
43 80 12
43 82 12
43 83 8
43 85 13
43 87 5
43 88 16
43 89 11
43 91 13
43 94 1
43 95 5
43 96 13
43 97 6
43 99 9
44 47 15
44 49 7
44 50 9
44 51 13
44 56 1
44 58 12
44 59 1
44 62 17
44 67 6
44 73 7
44 74 16
44 75 15
44 76 16
44 77 8
44 78 15
44 79 8
44 80 13
44 81 10
44 82 16
44 83 1
44 84 17
44 89 13
44 91 10
44 92 2
44 93 5
44 96 14
44 97 14
45 48 5
45 49 6
45 51 4
45 52 1
45 54 14
45 55 12
45 56 13
45 58 10
45 59 13
45 60 5
45 61 13
45 64 5
45 65 17
45 66 3
45 67 5
45 68 9
45 73 13
45 74 16
45 78 1
45 79 8
45 82 3
45 83 9
45 84 4
45 85 6
45 86 12
45 89 9
45 91 11
45 92 6
45 96 16
46 47 15
46 53 12
46 55 8
46 58 14
46 59 17
46 60 13
46 61 4
46 62 2
46 64 15
46 65 8
46 66 15
46 67 4
46 68 1
46 69 1
46 74 2
46 75 12
46 76 3
46 78 13
46 82 8
46 84 12
46 85 1
46 87 10
46 89 16
46 92 2
46 94 7
46 96 10
46 97 8
46 98 12
46 99 8
47 48 7
47 49 11
47 52 4
47 53 13
47 56 6
47 57 5
47 58 7
47 59 4
47 63 16
47 64 1
47 65 17
47 68 7
47 71 2
47 78 16
47 82 15
47 83 13
47 85 7
47 88 16
47 89 15
47 90 7
47 92 15
47 96 4
47 97 12
48 49 15
48 51 10
48 52 12
48 53 10
48 56 16
48 58 5
48 60 3
48 62 6
48 65 16
48 68 13
48 70 1
48 71 4
48 72 9
48 74 1
48 78 1
48 80 7
48 81 10
48 87 15
48 88 2
48 89 10
48 93 4
48 98 10
48 99 9
49 50 8
49 54 1
49 55 11
49 56 9
49 58 14
49 59 14
49 60 4
49 61 5
49 63 16
49 65 4
49 66 13
49 68 14
49 69 1
49 71 11
49 74 9
49 76 17
49 78 1
49 79 16
49 82 17
49 83 15
49 84 2
49 89 10
49 90 12
49 93 8
49 94 5
49 98 15
50 51 16
50 54 11
50 55 2
50 60 7
50 61 14
50 64 4
50 65 2
50 67 8
50 68 2
50 70 13
50 72 4
50 78 5
50 82 11
50 83 2
50 85 9
50 87 9
50 88 2
50 90 14
50 91 12
50 94 14
50 95 13
50 97 13
50 98 17
50 99 17
51 52 13
51 53 10
51 54 2
51 58 17
51 59 16
51 60 16
51 66 13
51 67 1
51 68 5
51 70 6
51 71 5
51 74 4
51 75 12
51 76 13
51 77 2
51 81 9
51 82 1
51 83 1
51 91 4
51 93 17
51 94 17
51 98 8
52 54 16
52 55 16
52 56 13
52 57 3
52 59 11
52 60 6
52 61 9
52 62 17
52 64 16
52 65 16
52 67 15
52 68 15
52 69 7
52 71 5
52 72 8
52 76 2
52 78 2
52 79 10
52 80 9
52 81 11
52 83 3
52 87 4
52 88 14
52 91 3
52 92 11
52 95 4
52 97 4
53 54 4
53 58 12
53 60 7
53 61 7
53 63 6
53 66 9
53 68 2
53 69 14
53 70 1
53 74 10
53 76 1
53 80 16
53 83 5
53 84 3
53 85 1
53 88 14
53 89 6
53 90 12
53 95 5
53 96 7
53 97 14
53 98 10
53 99 11
54 56 2
54 57 6
54 59 3
54 60 17
54 62 16
54 64 7
54 65 2
54 69 15
54 70 7
54 72 10
54 73 10
54 74 15
54 78 7
54 80 3
54 81 16
54 82 13
54 85 15
54 87 1
54 93 1
54 94 3
54 97 3
55 57 17
55 58 2
55 61 10
55 62 12
55 64 9
55 69 8
55 74 17
55 75 1
55 77 16
55 78 7
55 79 10
55 80 9
55 85 11
55 87 5
55 88 3
55 89 11
55 92 10
55 94 10
55 97 5
55 99 6
56 59 1
56 61 11
56 64 11
56 65 13
56 68 14
56 70 9
56 71 15
56 72 16
56 73 12
56 74 10
56 76 3
56 78 12
56 80 17
56 83 2
56 88 13
56 90 5
56 91 16
56 92 14
56 95 12
56 96 9
56 97 7
56 98 9
56 99 2
57 59 14
57 60 1
57 62 4
57 66 13
57 69 9
57 70 4
57 72 17
57 73 3
57 74 2
57 77 13
57 79 1
57 82 2
57 83 17
57 86 6
57 87 15
57 91 1
57 93 6
57 95 8
57 96 13
58 59 16
58 60 10
58 61 14
58 62 12
58 63 2
58 64 10
58 67 1
58 68 17
58 69 11
58 70 16
58 72 11
58 73 6
58 74 9
58 77 8
58 79 17
58 80 12
58 81 3
58 82 11
58 86 12
58 87 2
58 88 5
58 89 10
58 90 8
58 95 4
58 97 1
58 99 15
59 60 7
59 61 7
59 63 17
59 64 5
59 65 1
59 66 2
59 68 1
59 72 10
59 74 16
59 77 16
59 80 5
59 81 3
59 82 10
59 83 11
59 84 16
59 87 4
59 90 1
59 91 2
59 94 2
59 96 5
59 97 11
59 98 16
60 61 11
60 62 15
60 63 4
60 64 15
60 65 2
60 66 2
60 67 6
60 68 14
60 69 3
60 72 11
60 73 8
60 74 13
60 75 11
60 76 13
60 78 7
60 82 5
60 83 10
60 85 4
60 86 2
60 88 9
60 89 15
60 91 6
60 94 2
60 97 9
60 98 5
61 62 7
61 63 7
61 64 2
61 65 12
61 68 5
61 69 15
61 70 17
61 71 10
61 72 17
61 73 2
61 74 10
61 76 12
61 77 3
61 81 10
61 82 9
61 83 3
61 87 13
61 88 1
61 89 10
61 90 1
61 92 6
61 93 16
61 96 11
61 97 5
61 99 5
62 63 1
62 64 14
62 66 4
62 67 5
62 68 16
62 70 14
62 71 15
62 75 2
62 80 10
62 81 5
62 82 6
62 83 2
62 84 4
62 88 1
62 89 15
62 91 15
62 92 2
62 93 17
62 97 5
63 65 3
63 66 10
63 67 13
63 73 17
63 74 4
63 75 8
63 76 8
63 77 4
63 80 7
63 81 17
63 83 14
63 84 12
63 85 12
63 86 11
63 94 6
63 95 16
63 97 6
64 69 17
64 71 10
64 73 8
64 79 2
64 80 3
64 82 1
64 83 16
64 84 10
64 86 3
64 88 4
64 93 7
64 94 3
64 96 6
64 97 8
64 98 9
64 99 12
65 66 13
65 68 3
65 69 6
65 71 13
65 72 14
65 73 14
65 74 11
65 76 17
65 77 14
65 81 12
65 83 10
65 85 17
65 86 2
65 90 4
65 94 14
65 95 9
65 96 15
65 97 5
65 98 10
66 69 16
66 71 14
66 77 3
66 78 10
66 79 5
66 82 17
66 83 2
66 84 4
66 86 1
66 87 6
66 88 12
66 89 14
66 90 8
66 91 10
66 94 3
66 95 14
66 96 13
66 97 13
66 98 2
67 74 7
67 75 11
67 77 13
67 80 10
67 81 11
67 85 10
67 89 15
67 90 9
67 91 17
67 93 12
67 96 15
67 99 14
68 69 5
68 70 2
68 71 14
68 72 14
68 73 12
68 75 12
68 77 1
68 79 5
68 80 6
68 81 2
68 82 10
68 83 6
68 84 12
68 85 9
68 86 13
68 88 15
68 89 17
68 94 11
68 98 13
69 70 10
69 72 5
69 73 11
69 74 3
69 77 7
69 78 9
69 79 17
69 85 16
69 89 11
69 90 16
69 92 1
69 93 2
69 94 7
69 99 1
70 71 12
70 72 9
70 73 14
70 74 12
70 77 14
70 78 17
70 79 5
70 81 5
70 84 8
70 86 16
70 87 15
70 90 9
70 92 17
70 93 15
70 94 2
70 96 13
70 98 15
71 72 2
71 73 7
71 76 13
71 77 16
71 78 6
71 80 5
71 81 12
71 82 7
71 83 15
71 85 9
71 88 16
71 90 10
71 92 12
71 95 12
71 96 14
71 97 10
72 73 7
72 74 14
72 76 9
72 77 9
72 80 8
72 81 10
72 85 12
72 87 9
72 88 11
72 89 2
72 90 16
72 91 2
72 92 14
72 93 11
72 94 9
72 98 10
73 74 1
73 75 14
73 77 16
73 78 14
73 80 4
73 81 15
73 82 8
73 88 6
73 89 10
73 90 9
73 92 13
73 93 16
73 94 7
73 95 2
73 98 14
73 99 16
74 75 8
74 76 6
74 79 5
74 80 3
74 81 11
74 82 10
74 83 17
74 84 17
74 85 16
74 88 4
74 89 8
74 90 14
74 94 7
74 96 3
74 97 1
74 98 7
75 77 11
75 79 11
75 83 13
75 84 15
75 88 1
75 93 4
75 96 17
75 99 7
76 82 4
76 83 12
76 84 1
76 85 8
76 86 3
76 87 2
76 89 11
76 92 9
76 95 5
76 96 8
76 97 13
76 99 2
77 79 3
77 81 14
77 83 8
77 84 9
77 85 2
77 89 10
77 90 9
77 91 5
77 94 9
77 96 9
77 97 8
77 98 13
78 79 11
78 80 14
78 81 14
78 82 11
78 83 12
78 85 10
78 86 16
78 87 7
78 89 14
78 90 6
78 92 1
78 93 13
78 94 12
78 99 1
79 81 9
79 82 1
79 84 13
79 87 15
79 88 8
79 90 8
79 92 11
79 93 3
79 96 2
80 81 16
80 85 12
80 88 8
80 90 16
80 92 3
80 93 1
80 98 2
80 99 4
81 83 12
81 85 3
81 88 13
81 90 6
81 92 8
81 93 13
81 97 8
81 99 4
82 83 11
82 87 10
82 90 10
82 91 1
82 92 11
82 99 12
83 85 8
83 87 12
83 91 2
83 94 13
84 87 5
84 88 2
84 89 4
84 90 3
84 93 5
84 98 9
85 89 10
85 91 17
85 93 15
85 94 3
85 95 16
85 96 17
85 98 13
86 87 3
86 89 12
86 90 17
86 94 3
86 96 15
86 97 12
87 92 8
87 93 4
87 99 15
88 89 11
88 91 2
88 92 14
88 95 4
89 90 5
89 94 1
89 95 12
89 96 14
89 97 13
89 98 14
89 99 1
90 91 8
90 92 14
90 93 2
90 95 9
90 96 2
90 97 14
90 99 15
91 92 6
91 97 6
92 93 1
92 94 3
92 95 13
92 97 10
93 94 4
93 95 12
93 98 6
93 99 15
94 95 14
94 97 17
95 96 15
95 99 15
96 97 9
96 98 7
97 98 9
98 99 2
6 99 98
11 9 14
13 60 92
14 62 38
16 48 51
17 30 55
19 88 74
19 17 64
21 77 4
23 7 72
25 36 80
25 32 42
26 91 43
26 16 74
26 39 56
29 20 70
30 10 73
31 44 94
36 31 36
39 33 85
45 79 52
46 51 9
47 37 5
47 45 75
51 80 98
53 93 49
53 15 85
53 52 77
57 59 27
60 40 57
61 83 1
62 85 47
64 47 45
64 64 30
65 86 78
65 35 76
66 12 47
66 18 29
71 76 4
76 38 8
78 74 52
79 82 80
80 0 86
91 92 6
92 46 57
95 49 96
