100 1500 16 24
62 8 27 70 72 19 48 50 53 16 17 96 1 37 12 74 48 16 16 68 2 56 75 5
13 88 12
13 65 8
13 68 11
13 22 3
13 35 5
13 67 7
13 34 4
13 24 8
13 37 9
13 14 4
13 46 5
13 36 2
13 91 5
13 81 1
13 71 13
13 25 1
13 38 9
13 5 3
13 7 11
13 83 10
13 60 12
13 40 9
13 6 4
13 84 1
13 41 8
13 31 9
13 86 13
13 66 7
13 33 9
13 23 7
88 46 11
88 98 11
88 79 6
88 97 10
88 26 9
88 7 4
88 10 10
88 40 13
88 70 6
88 76 10
88 8 3
88 89 1
88 41 12
88 5 1
88 16 13
88 3 2
88 39 4
88 69 3
88 92 11
88 34 6
88 67 12
88 11 1
88 25 8
88 9 2
88 80 12
88 61 1
88 12 13
88 64 2
88 62 6
16 93 13
16 27 3
16 17 12
16 82 1
16 14 12
16 62 4
16 29 7
16 42 9
16 12 1
16 84 9
16 87 11
16 31 7
16 86 10
16 76 7
16 43 8
16 4 2
16 55 13
16 68 10
16 45 1
16 77 13
16 24 12
16 2 11
16 49 3
16 26 4
16 5 13
16 0 6
16 6 3
16 38 13
16 28 7
93 19 12
93 3 7
93 85 1
93 36 13
93 66 12
93 17 5
93 39 1
93 50 2
93 53 10
93 83 13
93 30 4
93 11 1
93 44 5
93 47 1
93 9 10
93 61 7
93 42 7
93 78 4
93 60 7
93 92 7
93 7 5
93 37 5
93 89 12
93 94 13
93 43 6
93 73 4
93 54 10
93 57 4
93 2 1
55 84 4
55 61 5
55 26 7
55 95 10
55 10 6
55 98 1
55 43 12
55 65 12
55 38 12
55 97 6
55 64 4
55 77 7
55 18 8
55 89 11
55 56 1
55 19 10
55 22 1
55 52 9
55 3 7
55 33 1
55 68 7
55 58 10
55 39 2
55 50 4
55 30 5
55 14 3
55 25 12
55 47 9
55 45 9
84 36 9
84 8 7
84 69 11
84 72 5
84 83 7
84 47 12
84 19 2
84 96 11
84 48 5
84 51 8
84 32 8
84 34 10
84 87 11
84 26 9
84 10 11
84 12 11
84 42 3
84 86 11
84 43 3
84 59 1
84 60 10
84 71 4
84 4 12
84 68 1
84 21 13
84 52 13
84 82 13
28 67 5
28 3 4
28 57 4
28 37 1
28 20 1
28 69 12
28 46 5
28 82 8
28 91 3
28 14 13
28 48 5
28 61 5
28 38 9
28 12 8
28 50 11
28 40 13
28 30 3
28 95 12
28 39 1
28 52 1
28 74 7
28 41 13
28 54 12
28 96 10
28 27 12
28 99 10
28 65 7
28 32 10
28 35 10
67 9 2
67 61 11
67 12 10
67 29 10
67 59 3
67 26 1
67 7 5
67 95 6
67 43 6
67 57 5
67 39 5
67 86 11
67 2 6
67 49 11
67 36 7
67 91 5
67 66 11
67 50 7
67 51 6
67 34 7
67 65 1
67 80 5
67 70 6
67 30 10
67 11 12
67 25 3
67 82 9
5 83 1
5 96 2
5 72 11
5 85 5
5 29 9
5 42 3
5 74 3
5 54 4
5 44 3
5 21 13
5 11 2
5 99 12
5 53 5
5 89 4
5 33 3
5 58 5
5 35 7
5 25 5
5 70 10
5 24 6
5 37 2
5 92 1
5 94 8
5 71 7
5 61 9
5 38 3
5 18 2
83 68 6
83 94 1
83 52 7
83 3 2
83 82 10
83 17 5
83 53 13
83 11 3
83 85 13
83 25 1
83 9 1
83 1 7
83 12 2
83 97 9
83 78 5
83 46 8
83 89 8
83 43 12
83 27 13
83 38 4
83 90 8
83 41 8
83 77 11
83 58 2
83 92 11
83 2 4
9 90 11
9 57 6
9 24 1
9 56 11
9 69 12
9 46 9
9 36 7
9 81 6
9 38 5
9 70 12
9 60 12
9 73 4
9 40 11
9 95 9
9 29 13
9 19 5
9 97 7
9 74 8
9 51 1
9 54 2
9 53 6
9 30 12
9 66 9
9 43 5
9 78 3
9 32 13
90 80 12
90 61 1
90 12 13
90 15 11
90 45 9
90 78 4
90 32 11
90 62 4
90 46 13
90 79 4
90 26 8
90 37 11
90 76 3
90 57 13
90 60 10
90 77 9
90 68 12
90 52 4
90 82 7
90 33 6
90 85 13
90 17 2
90 69 3
90 11 13
90 95 12
90 14 7
90 44 12
90 98 5
29 68 2
29 57 12
29 34 3
29 70 12
29 2 5
29 37 11
29 79 4
29 82 12
29 3 4
29 36 12
29 17 7
29 81 11
29 50 8
29 63 4
29 62 3
29 75 9
29 42 4
29 87 11
29 31 3
29 26 13
29 76 5
29 53 1
29 56 1
29 33 7
29 98 3
29 78 9
68 51 10
68 62 12
68 75 6
68 7 3
68 54 12
68 87 3
68 8 1
68 2 7
68 35 9
68 78 12
68 22 10
68 52 1
68 20 13
68 80 11
68 50 13
68 53 13
68 72 4
68 47 8
68 1 13
68 61 9
68 12 6
68 15 10
68 45 9
41 42 8
41 97 4
41 74 11
41 38 8
41 87 12
41 44 11
41 35 6
41 98 13
41 0 8
41 22 11
41 6 2
41 34 7
41 47 8
41 79 8
41 30 12
41 82 2
41 14 6
41 31 10
41 12 7
41 48 10
41 63 10
41 95 4
41 72 12
41 85 12
41 10 8
41 65 13
42 89 6
42 69 9
42 59 8
42 22 9
42 91 6
42 81 1
42 58 1
42 94 5
42 71 2
42 48 2
42 39 6
42 70 3
42 73 13
42 85 8
42 75 4
42 15 7
42 54 9
42 96 11
42 99 12
42 56 4
42 26 13
42 78 11
42 24 8
42 45 8
33 38 10
33 23 12
33 60 4
33 26 7
33 7 10
33 95 8
33 75 6
33 51 10
33 64 11
33 96 11
33 86 3
33 53 1
33 66 9
33 22 4
33 56 7
33 17 9
33 35 7
33 30 1
33 14 7
33 37 1
33 25 7
33 31 6
33 92 2
33 91 4
33 81 7
38 36 7
38 97 13
38 87 10
38 20 2
38 86 11
38 76 8
38 56 3
38 14 10
38 98 1
38 45 1
38 15 10
38 44 6
38 79 9
38 69 1
38 23 7
38 7 9
38 24 3
38 18 4
38 35 7
38 62 11
38 0 1
25 34 4
25 15 11
25 92 1
25 36 6
25 48 10
25 10 7
25 60 2
25 73 11
25 50 11
25 40 13
25 85 9
25 62 10
25 39 3
25 52 13
25 23 13
25 31 8
25 86 8
25 76 6
25 66 7
25 2 9
25 77 5
25 1 3
25 80 1
34 1 7
34 58 7
34 15 5
34 61 4
34 32 13
34 96 11
34 4 7
34 75 10
34 26 10
34 7 4
34 97 4
34 87 7
34 64 12
34 18 13
34 56 9
34 2 13
34 0 8
34 45 7
34 35 11
34 6 3
34 92 5
34 30 12
34 82 8
10 54 7
10 31 12
10 76 4
10 4 3
10 53 11
10 23 13
10 78 2
10 45 4
10 22 9
10 58 3
10 12 2
10 70 6
10 37 6
10 2 9
10 82 5
10 0 1
10 26 1
10 39 7
10 48 6
10 18 5
10 60 6
10 73 2
10 17 11
10 19 1
10 64 7
54 64 7
54 24 3
54 96 9
54 56 4
54 78 9
54 35 12
54 52 7
54 3 10
54 77 10
54 53 7
54 91 6
54 44 9
54 81 5
54 71 10
54 15 2
54 45 2
54 48 13
54 60 7
54 63 5
54 46 6
54 95 2
54 23 1
54 26 4
14 24 2
14 1 5
14 71 3
14 50 1
14 4 3
14 17 13
14 72 7
14 85 13
14 52 5
14 8 13
14 97 3
14 2 11
14 86 12
14 99 4
14 76 9
14 53 2
14 20 8
14 3 13
14 23 6
14 98 13
14 65 5
14 70 8
24 87 4
24 12 4
24 15 13
24 99 13
24 76 4
24 56 13
24 65 5
24 4 11
24 7 6
24 80 5
24 57 1
24 8 4
24 19 1
24 0 5
24 3 9
24 96 4
24 73 5
24 50 13
24 40 8
24 20 7
24 72 2
24 75 7
65 23 2
65 37 2
65 82 6
65 39 3
65 72 10
65 81 11
65 94 10
65 19 13
65 49 13
65 0 12
65 1 13
65 86 3
65 3 7
65 64 7
65 20 2
65 98 13
65 62 3
65 44 10
65 76 4
65 43 12
65 89 6
65 45 13
65 59 1
4 96 3
4 53 11
4 98 3
4 32 11
4 45 5
4 22 1
4 35 3
4 12 9
4 44 11
4 91 13
4 81 7
4 48 5
4 61 9
4 70 8
4 60 11
4 40 1
4 7 12
4 95 10
4 3 11
4 19 3
4 94 6
4 74 10
4 64 12
4 8 2
96 37 7
96 6 11
96 8 6
96 39 2
96 86 12
96 0 5
96 80 9
96 3 3
96 64 8
96 48 9
96 51 7
96 62 8
96 95 1
96 46 3
96 26 6
96 56 11
96 70 1
96 12 1
96 43 13
96 71 10
96 91 10
51 91 13
51 6 8
51 36 3
51 8 3
51 39 6
51 20 5
51 49 2
51 1 1
51 3 11
51 94 1
51 71 7
51 17 8
51 32 12
51 63 2
51 95 10
51 26 13
51 85 2
51 76 3
51 89 8
51 23 5
51 7 12
51 19 13
51 21 2
51 78 6
91 62 12
91 79 9
91 30 3
91 44 7
91 73 5
91 15 9
91 57 1
91 87 11
91 60 7
91 46 12
91 77 3
91 23 8
91 56 10
91 7 8
91 37 6
91 40 9
91 85 6
91 8 10
91 0 11
91 63 5
91 36 6
15 80 3
15 57 6
15 49 1
15 11 10
15 39 12
15 1 6
15 48 7
15 12 7
15 30 9
15 95 5
15 72 12
15 32 1
15 74 6
15 87 11
15 77 4
15 31 1
15 43 12
15 20 2
15 78 2
15 0 9
15 35 1
61 6 10
61 70 3
61 11 4
61 94 1
61 1 5
61 12 6
61 62 2
61 75 9
61 7 7
61 21 5
61 87 13
61 64 8
61 27 3
61 60 13
61 89 6
61 58 7
61 18 3
61 98 12
61 49 1
61 3 8
18 30 6
18 72 9
18 52 9
18 64 1
18 31 8
18 99 6
18 89 7
18 0 11
18 1 6
18 17 9
18 98 12
18 32 3
18 35 2
18 77 9
18 11 3
18 37 3
18 92 9
18 12 13
18 69 7
18 94 12
18 71 11
18 48 3
18 70 3
18 27 13
30 79 3
30 2 1
30 69 8
30 49 10
30 6 2
30 60 7
30 62 6
30 39 9
30 97 8
30 87 11
30 44 2
30 86 11
30 76 11
30 43 5
30 56 9
30 26 6
30 27 1
30 35 6
30 37 1
36 60 11
36 63 9
36 75 12
36 52 10
36 97 12
36 87 8
36 64 11
36 76 13
36 43 8
36 21 4
36 57 4
36 70 6
36 35 11
36 0 4
36 46 3
36 82 10
36 59 11
36 17 11
36 20 5
36 94 2
80 31 1
80 64 6
80 45 2
80 78 10
80 81 10
80 56 4
80 21 8
80 43 7
80 86 13
80 57 9
80 71 1
80 74 2
80 98 11
80 87 3
80 49 7
80 22 12
80 66 10
80 17 6
80 50 7
80 72 12
80 11 13
80 44 5
6 50 8
6 20 3
6 85 13
6 1 13
6 62 2
6 75 13
6 3 4
6 52 3
6 97 7
6 87 6
6 64 12
6 77 9
6 76 1
6 53 9
6 66 4
6 43 4
6 56 8
6 57 7
6 70 3
6 47 13
6 69 1
6 94 11
31 21 8
31 37 6
31 79 12
31 0 10
31 3 7
31 73 6
31 72 9
31 85 5
31 62 13
31 74 5
31 87 2
31 77 10
31 76 3
31 53 10
31 89 4
31 66 10
31 45 5
31 58 5
31 35 1
31 23 2
73 87 6
73 19 13
73 0 8
73 52 4
73 3 6
73 66 11
73 17 12
73 39 5
73 72 4
73 44 4
73 1 12
73 45 10
73 48 7
73 32 10
73 81 5
73 94 11
73 7 4
73 70 1
73 27 7
73 71 9
73 75 4
73 97 2
87 76 9
87 57 10
87 58 6
87 89 8
87 19 9
87 69 8
87 53 6
87 86 2
87 11 6
87 44 5
87 94 13
87 45 7
87 78 3
3 17 7
3 95 8
3 85 7
3 39 5
3 64 3
3 99 5
3 89 6
3 43 9
3 20 5
3 45 3
3 22 8
3 0 3
3 49 11
57 1 12
57 12 4
57 32 5
57 86 7
57 89 8
57 40 3
57 21 1
57 43 12
57 70 5
57 69 4
57 81 11
57 19 12
57 50 7
57 63 11
57 95 6
57 75 9
57 11 13
77 98 11
77 76 13
77 27 2
77 71 10
77 74 3
77 79 7
77 7 9
77 22 9
77 81 11
77 53 12
77 47 8
77 82 3
77 64 2
77 94 7
77 46 13
77 11 4
77 26 12
77 56 1
77 95 5
98 23 7
98 26 13
98 56 12
98 7 9
98 40 9
98 85 11
98 8 9
98 52 2
98 82 2
98 63 13
98 17 7
98 78 12
98 47 1
98 12 3
98 59 8
98 60 10
98 74 7
8 97 6
8 44 2
8 21 1
8 11 5
8 43 11
8 56 8
8 22 4
8 35 7
8 12 13
8 92 10
8 69 7
8 46 12
8 59 10
8 26 3
8 81 11
8 70 3
8 40 5
8 17 6
8 75 10
8 52 6
27 97 4
27 74 6
27 99 9
27 89 12
27 66 12
27 20 7
27 46 5
27 45 4
27 58 11
27 11 13
27 70 9
27 12 7
27 69 5
27 72 13
27 39 8
27 71 6
27 23 13
27 26 12
27 40 12
27 95 5
27 62 5
27 75 8
97 19 2
97 22 1
97 63 13
97 39 13
97 69 12
97 50 11
97 11 12
97 45 5
97 75 10
97 62 4
97 92 8
97 99 4
97 7 10
97 37 12
97 21 5
97 43 11
19 2 2
19 85 12
19 75 4
19 52 7
19 74 2
19 53 10
19 23 6
19 1 12
19 12 13
19 70 11
19 79 12
19 92 6
19 46 7
19 59 13
19 49 10
19 58 12
19 94 3
62 58 9
62 70 1
62 49 9
62 0 1
62 79 11
62 39 2
62 53 8
62 81 5
62 94 11
62 44 13
62 26 12
62 56 3
62 40 10
62 21 13
12 79 7
12 69 6
12 60 12
12 17 6
12 72 3
12 75 8
12 52 6
12 21 3
12 63 11
46 58 7
46 43 5
46 79 13
46 82 3
46 81 7
46 23 3
46 37 5
46 50 11
46 72 12
46 75 2
46 2 6
46 64 3
46 0 10
46 17 3
46 86 4
46 32 4
58 50 9
58 26 12
58 86 9
58 76 3
58 79 11
58 78 12
58 37 8
58 52 2
58 92 12
58 69 1
58 82 10
58 20 11
58 53 2
58 71 6
58 60 3
58 47 12
58 63 9
50 71 12
50 49 5
50 17 4
50 63 11
50 72 8
50 44 4
50 47 4
50 74 3
50 99 5
50 89 13
50 23 9
50 7 1
50 40 7
50 69 4
50 59 7
21 86 7
21 63 5
21 99 2
21 76 7
21 32 8
21 35 10
21 2 11
21 17 3
21 92 4
21 94 10
21 11 4
21 48 13
21 70 12
21 60 4
21 37 12
21 72 6
21 85 6
21 39 10
40 44 4
40 17 5
40 39 10
40 20 11
40 11 13
40 47 2
40 79 3
40 92 3
40 69 6
40 49 2
40 81 13
40 94 1
40 23 8
40 60 1
40 85 2
40 75 11
44 43 1
44 81 5
44 37 6
44 63 12
44 22 12
44 20 6
44 52 1
44 2 13
44 86 13
44 1 13
44 66 7
44 32 9
44 23 12
74 72 1
74 99 3
74 35 4
74 79 4
74 0 11
74 52 6
74 63 1
74 69 5
74 20 11
74 92 8
74 47 5
74 45 5
74 59 6
74 94 2
74 23 12
74 7 13
74 85 6
79 47 12
79 1 5
79 59 1
79 60 3
79 26 4
79 56 3
79 37 10
79 81 3
79 70 5
79 69 1
79 0 9
79 64 12
79 48 2
79 89 5
64 70 13
64 82 6
64 81 10
64 71 4
64 49 3
64 95 1
64 85 12
64 48 7
64 59 2
64 76 12
64 78 5
64 7 6
20 71 4
20 48 5
20 95 7
20 85 12
20 39 9
20 2 12
20 1 5
20 86 11
20 99 6
20 66 10
20 45 3
20 37 4
20 92 5
20 59 1
71 53 5
71 99 13
71 89 7
71 47 13
71 78 9
71 59 1
71 23 13
71 26 11
71 92 3
71 43 1
71 2 4
71 0 7
71 85 6
23 76 10
23 89 6
23 66 2
23 78 8
23 69 13
23 22 10
23 60 13
23 95 12
23 72 12
23 39 12
76 56 6
76 70 5
76 60 6
76 78 13
76 49 9
76 81 11
76 86 2
76 45 3
76 48 10
1 47 7
1 92 2
1 49 9
1 39 9
1 95 8
1 72 1
1 52 7
1 32 13
1 0 2
1 99 5
1 89 7
1 66 8
1 43 13
37 86 11
37 63 12
37 99 10
37 11 5
37 47 1
37 2 8
37 95 10
37 39 10
37 75 6
69 86 8
69 48 3
69 95 4
69 32 10
69 85 4
69 75 10
69 89 9
69 72 3
48 92 3
48 82 1
48 72 12
48 47 10
48 49 10
48 32 13
48 63 13
48 26 6
48 75 10
48 99 6
48 66 8
48 22 8
2 75 11
2 52 7
2 11 6
2 78 13
2 32 3
2 45 4
2 22 4
2 47 12
2 59 3
2 49 2
2 26 8
2 94 7
53 81 10
53 94 10
53 35 10
53 52 8
53 86 10
53 78 7
53 47 4
53 43 3
53 92 3
53 59 12
53 72 2
81 75 8
81 59 6
81 86 7
81 95 11
81 60 2
81 99 1
81 35 1
81 63 13
81 17 4
89 60 10
89 35 11
89 7 12
89 49 11
89 22 5
89 85 4
89 39 12
89 47 13
89 32 3
56 86 3
56 11 12
56 66 5
56 78 2
56 70 12
56 22 8
56 47 12
56 85 11
56 45 11
56 32 11
86 49 1
86 22 3
86 66 10
86 99 2
86 11 2
35 63 2
35 39 2
35 26 1
35 99 11
35 66 8
35 78 9
35 45 11
35 92 4
35 59 1
63 49 10
63 95 2
63 47 8
63 45 6
63 59 10
63 32 6
63 11 7
63 92 10
63 60 10
63 82 8
63 94 10
11 92 6
11 49 6
11 85 11
11 75 1
11 99 4
11 66 5
11 0 2
92 75 7
92 94 8
92 7 6
92 0 11
92 22 2
92 82 9
92 17 12
22 52 6
22 32 7
22 78 12
22 70 13
22 47 11
22 59 4
22 72 4
22 49 1
22 26 4
66 7 6
66 43 9
66 60 9
66 95 1
66 49 4
66 78 5
66 47 8
66 45 11
66 59 1
66 94 9
43 7 9
43 99 7
43 72 7
43 94 9
43 60 10
43 85 8
47 82 6
47 94 13
47 85 3
47 75 7
47 99 12
47 39 7
94 45 13
94 32 8
94 60 9
94 82 4
45 49 8
45 85 1
45 52 10
72 0 7
72 17 13
72 32 11
72 99 13
72 59 7
70 17 11
70 52 12
70 95 6
70 85 8
7 99 8
7 78 9
7 82 8
7 59 6
7 49 7
7 75 7
99 0 7
99 17 7
99 75 11
99 59 8
99 32 6
39 26 10
39 82 11
39 59 9
0 82 3
0 49 6
0 78 2
0 32 6
0 59 9
52 95 3
52 78 10
52 32 12
52 59 8
17 60 9
17 59 13
17 49 7
17 26 3
49 95 7
49 78 6
82 95 10
82 75 3
82 78 1
82 59 1
82 32 2
85 59 1
60 32 2
26 95 3
32 75 4
1 1 23
15 3 7
32 0 98
32 37 96
46 82 77
58 89 1
62 35 24
65 30 60
74 61 21
76 73 49
82 25 24
83 17 13
86 33 49
89 50 66
90 11 20
94 19 39
