50 593 20 5
46 38 16 10 24
0 1 16
0 5 3
0 6 15
0 9 16
0 10 16
0 11 16
0 18 10
0 22 16
0 24 10
0 25 4
0 26 14
0 29 15
0 30 14
0 31 10
0 32 14
0 33 7
0 34 13
0 36 2
0 37 9
0 38 14
0 40 2
0 45 13
0 46 14
0 47 11
1 3 6
1 6 2
1 8 8
1 10 1
1 11 10
1 13 9
1 14 14
1 16 13
1 17 14
1 19 1
1 21 1
1 26 13
1 29 8
1 30 5
1 31 6
1 32 16
1 34 9
1 38 15
1 43 8
1 46 7
1 47 14
1 49 5
2 3 9
2 4 6
2 8 16
2 9 9
2 10 6
2 12 12
2 13 14
2 19 5
2 24 8
2 26 10
2 29 8
2 33 16
2 34 7
2 35 16
2 36 5
2 37 3
2 40 14
2 44 16
2 45 15
2 46 5
2 48 8
3 9 7
3 10 9
3 11 1
3 14 13
3 17 8
3 19 10
3 21 2
3 23 7
3 25 14
3 28 11
3 32 16
3 33 16
3 34 16
3 35 10
3 37 15
3 40 1
3 41 10
3 43 14
3 46 11
4 10 10
4 11 9
4 12 12
4 15 14
4 17 10
4 21 3
4 22 12
4 23 1
4 26 9
4 27 4
4 28 15
4 31 12
4 35 8
4 38 9
4 40 11
4 42 13
4 43 3
4 44 6
4 47 3
4 48 4
4 49 15
5 7 4
5 9 10
5 10 15
5 12 16
5 16 8
5 18 3
5 22 11
5 25 7
5 26 7
5 29 13
5 30 1
5 31 7
5 32 13
5 34 11
5 37 1
5 38 10
5 39 1
5 41 8
5 42 7
5 43 6
5 44 2
5 47 13
5 49 9
6 7 13
6 8 13
6 10 2
6 11 7
6 12 2
6 15 14
6 18 10
6 19 5
6 20 12
6 21 12
6 22 4
6 29 10
6 30 15
6 33 7
6 37 10
6 40 4
6 44 14
6 45 10
6 46 2
6 48 13
6 49 5
7 9 15
7 11 14
7 12 11
7 16 5
7 17 10
7 20 8
7 22 5
7 23 12
7 24 2
7 30 2
7 33 4
7 35 6
7 36 12
7 37 6
7 40 10
7 44 10
7 47 10
7 49 11
8 10 5
8 11 12
8 12 15
8 13 12
8 15 4
8 18 12
8 23 7
8 24 16
8 27 13
8 29 13
8 38 12
8 39 1
8 41 1
8 44 5
8 45 2
8 49 4
9 10 4
9 11 13
9 13 10
9 18 2
9 19 12
9 22 11
9 23 14
9 24 2
9 26 1
9 29 8
9 32 6
9 34 9
9 35 6
9 38 6
9 45 16
9 46 3
9 48 14
9 49 12
10 11 13
10 12 4
10 13 7
10 14 1
10 17 14
10 19 2
10 21 16
10 23 2
10 24 13
10 26 15
10 27 15
10 28 5
10 29 7
10 30 7
10 31 4
10 32 13
10 34 2
10 35 12
10 36 15
10 37 14
10 43 5
10 45 14
10 47 2
10 48 14
10 49 2
11 13 11
11 16 4
11 17 6
11 18 10
11 21 4
11 22 12
11 23 11
11 24 6
11 25 11
11 26 13
11 27 1
11 29 9
11 30 1
11 31 14
11 33 14
11 34 1
11 35 6
11 36 11
11 38 15
11 39 1
11 41 11
11 46 2
11 48 3
12 13 9
12 18 8
12 19 3
12 22 12
12 23 14
12 24 15
12 27 9
12 29 4
12 31 7
12 32 11
12 34 6
12 35 13
12 41 14
12 44 11
12 45 10
12 46 14
12 48 1
13 17 9
13 19 15
13 20 8
13 22 2
13 28 12
13 30 11
13 32 7
13 33 10
13 34 8
13 35 14
13 36 10
13 38 10
13 40 7
13 42 12
13 44 16
13 47 1
14 16 11
14 18 10
14 22 1
14 25 8
14 26 8
14 27 7
14 28 3
14 29 4
14 34 5
14 35 10
14 36 4
14 37 8
14 38 3
14 41 1
14 42 8
14 44 13
14 45 5
14 46 15
14 47 15
15 16 10
15 17 15
15 18 3
15 19 14
15 21 3
15 22 5
15 23 7
15 24 10
15 27 1
15 28 9
15 29 12
15 31 14
15 33 16
15 34 5
15 35 3
15 36 13
15 37 14
15 39 16
15 41 13
15 42 9
15 46 9
16 20 12
16 22 11
16 23 1
16 24 5
16 26 6
16 28 14
16 30 14
16 32 15
16 33 2
16 34 6
16 35 1
16 36 3
16 37 16
16 39 1
16 41 9
16 42 15
16 44 11
16 47 11
16 49 10
17 21 15
17 22 8
17 27 1
17 36 5
17 38 9
17 40 13
17 44 10
17 45 5
17 46 4
17 47 1
18 19 10
18 20 10
18 21 13
18 25 14
18 26 10
18 27 1
18 31 3
18 32 16
18 34 13
18 36 11
18 37 1
18 39 15
18 40 13
18 41 6
18 42 5
18 46 10
18 47 15
19 20 2
19 24 2
19 25 11
19 26 10
19 27 9
19 29 5
19 30 15
19 32 13
19 33 11
19 37 4
19 39 9
19 40 13
19 41 15
19 42 12
19 44 1
19 46 5
19 47 11
19 49 12
20 21 12
20 22 4
20 23 8
20 26 8
20 27 12
20 28 1
20 33 10
20 34 12
20 35 10
20 39 5
20 40 7
20 43 5
20 46 13
21 25 7
21 26 15
21 29 11
21 30 10
21 31 6
21 33 14
21 35 13
21 37 13
21 39 10
21 40 11
21 42 11
21 43 3
21 47 8
21 48 4
21 49 1
22 25 14
22 27 16
22 28 2
22 30 12
22 31 2
22 32 12
22 34 5
22 35 3
22 37 8
22 38 15
22 42 15
22 44 7
22 45 5
22 48 9
23 24 14
23 26 1
23 27 16
23 29 1
23 32 15
23 33 9
23 34 12
23 35 5
23 36 6
23 38 2
23 41 5
23 43 12
23 44 9
23 45 7
23 46 12
24 27 5
24 28 1
24 31 4
24 35 9
24 36 16
24 37 12
24 38 16
24 39 1
24 41 4
24 42 1
24 45 10
24 46 13
24 47 3
25 26 14
25 27 2
25 28 2
25 29 12
25 31 16
25 32 8
25 34 10
25 35 12
25 39 13
25 40 4
25 41 1
25 42 3
25 48 11
26 27 14
26 28 2
26 29 6
26 33 10
26 35 1
26 43 1
26 45 5
26 46 12
27 29 9
27 32 1
27 34 4
27 37 10
27 39 3
27 41 13
27 45 16
27 47 16
27 48 12
28 30 8
28 31 5
28 34 2
28 37 14
28 39 6
28 42 1
28 43 5
28 46 7
28 47 14
28 48 2
28 49 4
29 31 13
29 32 16
29 34 16
29 35 2
29 39 12
29 40 2
29 41 8
29 47 11
30 31 12
30 33 11
30 34 8
30 39 1
30 40 4
30 43 9
30 44 13
30 46 13
30 48 1
31 33 15
31 34 13
31 36 2
31 38 14
31 39 3
31 40 3
31 42 14
31 45 2
31 46 6
31 48 14
32 34 15
32 35 15
32 36 4
32 37 16
32 42 5
32 43 8
32 44 7
32 45 11
32 48 15
33 34 1
33 38 9
33 41 6
33 44 8
33 48 13
34 37 1
34 39 11
34 40 2
34 43 6
34 44 10
34 45 13
34 46 16
35 36 8
35 37 9
35 40 14
35 41 6
35 43 11
35 44 4
35 46 4
35 49 8
36 39 13
36 41 7
36 42 10
36 43 7
36 45 12
36 49 2
37 41 5
37 42 10
37 45 16
37 47 1
38 42 3
38 45 6
38 46 8
38 48 1
38 49 3
39 40 3
39 41 2
39 42 1
39 43 15
39 47 8
40 42 1
40 43 11
40 46 16
40 47 1
40 48 3
40 49 5
41 43 12
41 44 4
41 45 1
41 47 3
42 45 16
42 46 13
43 49 6
44 45 14
45 46 7
45 48 13
46 47 11
47 49 13
2 29 12
3 46 9
5 37 34
5 0 46
7 13 14
22 12 24
30 3 25
30 27 24
47 20 30
48 45 33
50 4 2
55 38 28
55 14 30
60 35 46
74 49 12
76 9 27
86 2 45
87 44 10
95 25 13
99 48 45
