256 255 118 16
183 15 147 107 130 239 97 50 185 119 133 113 90 22 90 111
0 1 5
0 2 19
0 4 23
0 8 12
0 16 14
0 32 12
0 64 20
0 128 5
2 3 10
4 5 13
4 6 4
6 7 22
8 9 22
8 10 10
8 12 18
10 11 15
12 13 17
12 14 22
14 15 15
16 17 21
16 18 13
16 20 21
16 24 3
18 19 24
20 21 24
20 22 8
24 25 24
24 26 2
24 28 9
22 23 11
26 27 7
28 29 9
28 30 16
30 31 6
32 33 17
32 34 10
32 36 15
32 40 17
32 48 16
34 35 15
36 37 18
36 38 7
40 41 1
40 42 6
40 44 2
48 49 4
48 50 10
48 52 4
48 56 23
38 39 16
42 43 20
44 45 10
44 46 2
46 47 10
50 51 19
52 53 24
52 54 17
56 57 6
56 58 7
56 60 17
54 55 8
58 59 18
60 61 11
60 62 11
62 63 24
64 65 24
64 66 12
64 68 5
64 72 4
64 80 11
64 96 19
66 67 18
68 69 19
68 70 9
72 73 4
72 74 8
72 76 2
80 81 12
80 82 13
80 84 22
80 88 21
96 97 22
96 98 2
96 100 24
96 104 14
96 112 9
70 71 23
74 75 21
76 77 15
76 78 9
78 79 11
82 83 24
84 85 14
84 86 9
88 89 13
88 90 20
88 92 4
86 87 4
90 91 20
92 93 22
92 94 21
94 95 15
98 99 22
100 101 12
100 102 23
104 105 9
104 106 1
104 108 3
112 113 23
112 114 9
112 116 10
112 120 4
102 103 20
106 107 17
108 109 19
108 110 16
114 115 8
116 117 5
116 118 16
120 121 20
120 122 20
120 124 12
110 111 19
118 119 21
122 123 6
124 125 8
124 126 9
126 127 5
128 129 19
128 130 22
128 132 13
128 136 9
128 144 6
128 160 9
128 192 6
130 131 19
132 133 3
132 134 19
136 137 18
136 138 14
136 140 3
144 145 18
144 146 19
144 148 10
144 152 3
160 161 23
160 162 17
160 164 1
160 168 12
160 176 8
192 193 9
192 194 4
192 196 1
192 200 19
192 208 6
192 224 10
134 135 22
138 139 21
140 141 7
140 142 12
142 143 21
146 147 11
148 149 19
148 150 11
152 153 13
152 154 17
152 156 5
150 151 7
154 155 3
156 157 6
156 158 12
158 159 20
162 163 1
164 165 16
164 166 24
168 169 8
168 170 10
168 172 22
176 177 2
176 178 18
176 180 8
176 184 8
166 167 5
170 171 4
172 173 24
172 174 22
178 179 23
180 181 8
180 182 2
184 185 11
184 186 17
184 188 18
174 175 16
182 183 21
186 187 8
188 189 13
188 190 13
190 191 15
194 195 7
196 197 15
196 198 15
200 201 16
200 202 12
200 204 18
208 209 3
208 210 21
208 212 8
208 216 3
224 225 5
224 226 24
224 228 17
224 232 6
224 240 17
198 199 7
202 203 9
204 205 2
204 206 12
210 211 6
212 213 1
212 214 23
216 217 13
216 218 16
216 220 18
226 227 17
228 229 10
228 230 15
232 233 3
232 234 22
232 236 20
240 241 3
240 242 11
240 244 10
240 248 12
206 207 5
214 215 8
218 219 15
220 221 15
220 222 2
222 223 1
230 231 15
234 235 12
236 237 14
236 238 17
242 243 19
244 245 2
244 246 12
248 249 17
248 250 3
248 252 21
238 239 8
246 247 24
250 251 4
252 253 19
252 254 5
254 255 1
1 132 191
1 143 132
2 212 84
2 190 153
4 84 3
4 254 29
5 131 27
6 183 47
7 129 7
7 168 209
8 20 170
11 204 161
11 243 42
11 225 11
13 251 147
13 228 198
14 37 114
17 78 155
17 234 146
18 63 230
19 202 128
20 167 2
20 194 202
21 192 129
22 245 243
23 249 250
24 67 242
25 12 160
26 116 195
28 144 125
30 215 148
30 198 160
31 166 249
32 72 172
33 217 211
33 188 95
33 33 204
34 193 30
36 34 10
37 58 42
37 52 103
38 49 183
39 28 182
39 82 106
41 79 48
41 255 175
42 5 56
43 216 83
44 213 141
45 101 166
45 68 171
45 220 57
48 14 129
49 93 221
50 223 245
51 71 221
51 172 3
52 179 153
52 185 50
54 142 96
54 62 84
55 233 26
56 95 234
58 94 179
59 180 200
60 231 195
62 6 167
63 253 71
63 230 168
63 10 185
64 110 85
65 125 51
66 150 32
67 29 156
68 111 151
69 61 205
71 137 217
71 13 116
71 65 86
71 0 120
72 100 52
73 119 34
73 70 193
74 99 205
74 139 187
74 87 3
78 169 215
79 54 14
79 42 19
79 241 216
79 81 83
79 158 153
81 23 182
84 90 7
84 235 227
85 159 228
86 141 71
86 200 172
87 148 124
87 147 94
88 7 139
88 186 196
88 170 104
89 176 66
89 237 89
91 146 88
92 56 243
93 75 102
94 48 69
94 197 70
96 35 205
98 136 72
98 11 206
98 191 184
98 117 71
98 145 4
99 207 32
100 181 159
