100 250 11 16
84 14 32 42 41 66 95 82 67 79 53 56 30 21 8 40
15 85 4
15 54 2
15 49 7
15 33 1
15 81 4
85 43 11
85 45 18
85 73 8
85 74 4
10 98 17
10 70 15
10 3 2
10 26 18
10 21 4
98 42 18
98 81 11
98 62 13
98 65 4
4 73 21
4 57 3
4 68 8
4 74 6
4 12 19
73 22 6
73 54 15
73 79 11
47 71 3
47 77 16
47 6 11
47 7 1
47 35 18
71 64 4
71 94 22
71 52 9
71 20 15
50 70 18
50 29 2
50 91 12
50 41 17
50 68 13
70 42 2
70 94 5
70 80 16
0 51 12
0 59 1
0 38 4
0 77 5
0 40 19
51 62 8
51 48 4
51 52 22
51 34 13
63 89 3
63 48 15
63 97 9
63 25 11
63 83 18
89 34 21
89 3 11
89 80 18
89 55 16
2 48 12
2 57 6
2 31 21
2 92 15
2 7 19
48 86 16
48 20 22
62 49 10
62 64 7
62 39 13
57 77 12
57 65 14
57 3 13
29 43 2
29 88 21
29 42 18
29 99 1
5 28 6
5 18 4
5 11 8
5 33 8
5 42 14
28 7 4
28 24 13
28 3 2
28 14 22
65 79 16
65 46 19
65 92 22
79 78 11
79 84 16
79 93 10
49 82 8
49 30 2
49 26 11
91 87 6
91 25 19
91 26 13
91 66 3
26 69 15
26 90 18
69 56 20
69 90 15
69 18 13
69 27 14
13 17 4
13 76 15
13 1 9
13 86 20
13 31 4
17 39 14
17 8 12
17 95 5
17 19 9
23 52 1
23 93 10
23 60 18
23 87 1
23 32 11
52 56 10
52 84 6
9 99 9
9 56 18
9 16 14
9 1 7
9 38 4
99 55 5
99 59 2
99 32 8
21 64 17
21 66 9
21 59 7
21 93 2
64 18 18
64 6 19
12 61 14
12 72 8
12 92 2
12 60 5
61 25 6
61 95 17
61 82 20
61 31 20
41 97 2
41 74 7
41 53 6
41 22 12
97 67 16
97 55 14
97 46 2
44 84 19
44 81 15
44 58 3
44 40 2
44 78 13
84 34 15
84 54 1
27 43 22
27 40 5
27 33 8
27 94 11
43 86 13
43 33 10
34 67 21
34 3 14
67 45 2
67 92 9
67 82 2
7 24 20
7 88 11
45 87 22
45 80 6
45 39 11
87 22 12
87 75 9
56 60 1
56 72 1
77 83 16
77 72 1
83 25 5
83 68 17
83 30 18
25 92 1
32 60 9
32 11 4
32 66 1
60 82 19
14 24 19
14 19 8
14 37 3
14 1 10
24 78 3
24 46 19
66 80 6
66 68 16
80 18 18
33 86 20
86 36 9
82 75 18
42 11 16
72 38 22
72 58 19
1 90 3
1 6 7
90 16 4
90 53 3
8 96 22
8 93 3
8 74 15
8 30 12
96 38 19
96 31 11
96 76 20
96 16 3
81 95 8
81 38 6
30 59 10
30 95 8
59 20 3
22 94 8
22 40 9
94 88 18
93 75 10
74 6 2
76 39 22
76 37 20
76 54 17
95 19 18
18 53 9
39 35 22
16 37 20
16 36 18
37 53 10
37 68 11
19 36 18
19 31 2
11 75 8
11 36 10
75 78 2
78 88 1
53 35 13
40 35 2
36 88 1
54 55 17
35 58 7
6 58 12
46 58 13
46 20 9
55 20 1
5 92 72
10 21 92
15 96 55
37 39 40
39 61 94
48 60 32
50 35 50
55 19 72
60 15 60
65 2 40
66 51 87
