200 1000 50 6
43 60 142 80 165 171
114 143 24
114 94 1
114 188 23
114 43 7
114 16 14
114 8 16
114 19 6
114 139 13
114 99 19
114 116 23
143 197 9
143 173 16
143 32 17
143 96 14
143 186 5
143 99 17
143 185 5
143 25 13
143 193 1
1 86 15
1 62 6
1 168 18
1 186 6
1 172 2
1 97 16
1 74 24
1 184 4
1 193 6
1 147 1
86 166 12
86 45 17
86 100 4
86 103 24
86 70 7
86 192 1
86 120 24
86 72 10
86 6 23
24 88 19
24 92 22
24 60 22
24 68 10
24 17 15
24 40 13
24 12 20
24 193 1
24 66 13
24 159 9
88 65 14
88 163 4
88 25 1
88 176 5
88 34 2
88 48 14
88 151 9
88 81 3
88 32 14
135 175 10
135 141 11
135 61 20
135 187 2
135 102 20
135 172 11
135 70 6
135 95 11
135 19 21
135 30 23
175 186 24
175 106 24
175 158 25
175 131 22
175 142 22
175 28 13
175 189 2
175 39 7
175 162 21
155 190 24
155 48 3
155 89 6
155 138 22
155 130 6
155 45 14
155 112 15
155 69 17
155 137 17
155 14 5
190 13 5
190 93 19
190 82 23
190 33 8
190 165 15
190 20 16
190 121 22
190 26 1
190 163 25
53 133 6
53 42 2
53 196 25
53 177 17
53 154 12
53 32 16
53 193 25
53 170 20
53 165 13
53 174 22
133 26 17
133 199 17
133 193 23
133 35 13
133 170 2
133 156 10
133 183 23
133 46 8
133 192 20
10 162 9
10 147 8
10 9 23
10 4 1
10 196 11
10 7 11
10 47 18
10 28 20
10 194 16
10 0 8
162 46 7
162 39 10
162 58 19
162 71 7
162 140 24
162 73 14
162 152 17
162 103 3
15 39 15
15 186 20
15 33 4
15 2 7
15 101 13
15 199 3
15 46 19
15 27 23
15 63 20
15 179 19
39 85 7
39 71 25
39 52 23
39 97 8
39 74 9
39 188 21
39 136 11
197 96 1
197 160 17
197 179 10
197 56 5
197 59 9
197 131 8
197 11 23
197 101 10
197 142 14
75 179 3
75 146 25
75 69 5
75 32 23
75 144 25
75 121 12
75 41 23
75 180 5
75 71 24
75 157 3
179 51 3
179 138 8
179 87 23
179 166 11
179 128 3
179 123 15
179 33 21
59 82 21
59 129 6
59 165 1
59 110 12
59 55 17
59 66 1
59 50 20
59 121 17
59 78 23
82 177 12
82 43 12
82 149 10
82 144 20
82 157 3
82 104 14
82 187 7
82 29 24
128 154 12
128 149 5
128 62 7
128 103 5
128 68 18
128 49 13
128 169 18
128 9 24
128 196 16
154 184 19
154 169 12
154 115 5
154 118 18
154 110 23
154 29 7
154 62 4
154 8 19
33 182 25
33 6 16
33 176 20
33 189 10
33 113 5
33 27 1
33 52 17
182 77 10
182 156 11
182 20 13
182 129 18
182 124 14
182 81 15
182 166 3
182 22 3
182 3 18
28 76 3
28 14 20
28 191 12
28 9 14
28 189 2
28 45 2
28 27 15
28 8 6
76 20 8
76 42 1
76 45 8
76 2 19
76 32 25
76 62 15
76 54 17
76 99 8
76 0 15
34 156 24
34 23 20
34 183 24
34 47 12
34 51 10
34 145 18
34 111 16
34 74 12
34 87 7
156 21 20
156 158 19
156 171 10
156 93 7
156 198 11
156 69 24
156 12 6
38 117 19
38 153 5
38 130 13
38 199 5
38 7 7
38 142 19
38 127 10
38 113 15
38 80 23
38 169 12
117 149 14
117 36 20
117 23 12
117 81 12
117 142 13
117 37 13
117 132 15
117 131 20
117 159 22
166 68 19
166 87 20
166 198 15
166 139 5
166 55 18
166 160 7
166 168 22
69 95 17
69 89 21
69 173 18
69 116 3
69 83 12
69 77 3
69 100 23
95 31 25
95 64 9
95 18 23
95 92 3
95 123 20
95 100 8
95 14 17
95 126 18
21 55 8
21 73 2
21 18 8
21 148 9
21 152 6
21 115 4
21 183 17
21 187 4
21 145 18
55 145 21
55 126 21
55 36 15
55 17 14
55 12 23
55 45 21
55 62 7
26 141 23
26 104 18
26 81 9
26 5 17
26 140 6
26 79 23
26 60 15
26 44 8
89 180 7
89 161 16
89 142 19
89 98 18
89 12 11
89 51 10
89 57 6
89 185 22
180 5 21
180 164 8
180 11 17
180 98 21
180 52 7
180 77 5
180 91 11
180 124 24
73 189 17
73 104 11
73 66 15
73 145 11
73 163 13
73 144 14
73 134 15
73 129 1
77 126 22
77 94 21
77 23 16
77 5 16
77 125 22
77 134 3
77 109 9
126 120 24
126 181 24
126 130 24
126 12 22
126 78 9
126 193 12
126 137 7
58 122 14
58 99 24
58 40 10
58 12 25
58 116 10
58 101 2
58 68 20
58 20 18
58 56 16
122 124 23
122 121 2
122 132 2
122 141 9
122 18 22
122 65 7
122 181 7
122 13 10
122 112 21
27 107 13
27 189 7
27 45 21
27 104 13
27 188 9
27 191 21
27 167 24
107 167 15
107 66 10
107 96 4
107 103 13
107 2 20
107 51 12
107 169 1
107 35 8
107 16 16
153 192 17
153 118 12
153 102 8
153 185 23
153 193 4
153 124 5
153 35 24
153 84 14
153 8 19
192 123 11
192 140 16
192 171 18
192 165 10
192 108 2
192 51 13
192 112 22
61 118 18
61 90 5
61 159 25
61 136 4
61 102 2
61 106 6
61 32 12
61 165 10
61 141 14
118 72 5
118 4 3
118 113 22
118 186 5
118 79 13
118 109 4
118 44 16
110 132 20
110 127 25
110 109 7
110 181 5
110 63 16
110 102 4
110 184 20
110 4 23
132 91 13
132 83 21
132 37 3
132 70 23
132 3 17
132 71 24
132 170 23
81 105 17
81 31 16
81 4 8
81 67 12
81 35 17
81 138 14
105 146 15
105 127 8
105 101 3
105 46 2
105 177 22
105 149 21
105 41 7
105 64 1
105 124 24
79 172 21
79 181 25
79 0 25
79 115 8
79 47 19
79 164 9
79 195 16
79 13 23
172 199 24
172 124 8
172 168 13
172 130 18
172 37 22
172 65 10
172 57 25
31 66 24
31 195 17
31 176 20
31 44 12
31 147 16
31 174 12
31 160 19
31 137 13
181 120 23
181 47 17
181 137 6
181 165 16
181 127 23
181 149 12
184 78 7
184 157 15
184 163 10
184 6 13
184 47 18
184 151 8
184 140 9
177 112 5
177 74 3
177 145 24
177 20 25
177 168 19
177 160 9
177 84 9
20 104 8
20 2 24
20 194 4
20 63 21
20 160 9
104 196 18
104 83 21
104 35 23
104 19 25
104 9 8
124 7 7
124 183 9
124 92 5
124 85 18
41 136 6
41 19 18
41 8 12
41 30 12
41 157 3
41 160 23
41 127 4
41 173 19
136 147 10
136 57 4
136 101 5
136 52 18
136 120 17
136 74 21
136 134 20
123 187 24
123 121 19
123 195 1
123 108 23
123 152 23
123 169 13
123 9 24
187 198 25
187 159 11
187 64 15
187 113 11
187 37 17
187 127 12
106 116 8
106 111 11
106 170 18
106 56 15
106 37 16
106 195 5
106 40 15
106 163 24
116 11 12
116 146 18
116 17 11
116 191 18
116 102 7
116 157 19
66 80 2
66 129 16
66 35 19
66 19 20
66 14 14
80 17 25
80 191 23
80 125 20
80 70 21
80 161 15
80 52 17
80 150 17
80 109 19
103 129 14
103 14 4
103 72 5
103 161 25
103 42 2
103 171 1
129 37 7
129 68 4
129 125 13
129 186 12
129 14 15
84 134 7
84 115 11
84 72 22
84 37 5
84 46 20
84 196 10
84 186 21
84 195 23
134 68 11
134 63 16
134 94 7
134 78 17
134 151 23
134 160 9
6 196 12
6 167 17
6 96 13
6 49 9
6 100 20
6 109 17
6 90 13
196 64 21
196 43 14
196 0 4
196 90 14
92 195 1
92 57 13
92 60 15
92 14 16
92 71 19
92 67 9
92 93 4
60 176 19
60 115 1
60 64 19
60 17 25
60 150 11
60 40 15
60 145 3
176 63 22
176 173 24
176 195 1
176 100 21
176 111 16
176 83 3
18 62 15
18 145 7
18 144 6
18 139 16
18 167 21
18 189 1
18 7 4
25 164 12
25 70 24
25 167 5
25 171 12
25 115 6
25 85 20
25 44 2
25 174 18
164 99 7
164 121 5
164 83 12
164 178 23
164 87 15
164 22 14
164 71 15
37 0 7
37 108 22
37 167 15
149 194 20
149 63 8
149 150 10
149 7 17
149 130 21
17 169 25
17 43 16
17 191 12
17 50 18
17 148 17
97 152 7
97 147 22
97 168 2
97 140 19
97 158 16
97 72 1
97 157 13
97 29 12
152 111 17
152 5 8
152 130 22
152 22 23
152 151 9
152 9 11
94 165 19
94 91 7
94 64 25
94 48 9
94 5 15
94 35 22
94 57 16
5 87 1
5 40 13
5 100 1
5 72 21
5 48 19
87 98 2
87 23 13
87 45 4
87 169 10
87 48 24
138 199 18
138 67 2
138 101 5
138 90 1
138 144 11
138 50 5
138 23 19
199 158 6
199 189 18
199 168 10
199 4 19
199 56 20
68 194 18
68 174 24
68 108 6
68 70 3
99 54 17
99 185 6
99 161 8
99 119 19
99 141 7
130 11 25
130 85 8
130 173 7
130 195 8
120 47 10
120 36 6
120 185 8
120 189 13
120 96 12
120 51 8
7 11 11
7 131 17
7 9 10
7 93 18
7 13 24
70 171 7
70 113 8
70 183 12
70 140 14
171 131 22
171 93 23
171 46 1
171 96 16
171 191 12
78 54 18
78 147 14
78 0 9
78 113 6
78 108 4
78 91 12
36 178 24
36 139 19
36 148 3
36 98 2
36 54 23
36 63 17
36 170 1
178 160 2
178 174 8
178 147 6
178 62 9
178 131 7
178 198 23
178 188 8
178 90 7
127 169 7
127 45 21
127 159 5
127 11 11
90 158 7
90 96 14
90 16 22
90 22 20
90 168 23
158 3 6
158 102 21
158 121 18
158 40 25
158 65 24
85 12 13
85 148 19
85 46 22
85 30 10
85 137 6
85 108 15
91 150 8
91 173 3
91 125 18
91 49 24
91 44 11
91 188 21
23 67 12
23 62 14
23 29 10
23 112 14
23 8 25
30 125 4
30 29 14
30 185 10
30 13 14
30 161 17
30 113 11
30 173 6
125 49 24
125 11 8
125 109 1
125 63 8
125 2 8
0 121 22
0 65 20
0 40 22
0 35 17
121 50 18
121 54 9
195 64 20
195 119 15
14 112 8
14 139 17
14 72 6
150 47 23
150 100 8
150 56 22
150 131 22
150 57 14
150 22 20
11 56 5
11 3 19
11 183 21
98 52 16
98 64 24
98 188 8
98 142 4
98 137 1
98 67 13
111 49 14
111 3 10
111 142 21
111 137 1
111 56 10
111 13 25
83 146 15
83 16 18
83 157 21
83 161 4
83 165 20
146 193 25
146 108 19
146 2 17
146 141 6
146 159 10
146 42 24
193 74 19
193 63 6
72 42 25
72 93 20
72 194 3
43 198 3
43 191 10
43 145 9
43 163 8
43 148 19
43 115 8
65 47 4
65 141 23
65 51 8
65 32 13
65 46 13
4 112 11
4 102 23
4 74 17
4 64 16
4 151 20
16 147 14
16 119 14
16 67 3
16 168 18
16 140 17
16 108 21
183 2 14
183 169 25
183 161 22
183 167 21
147 170 2
147 159 13
194 32 22
194 19 18
194 101 24
194 188 1
194 9 25
40 57 17
40 139 25
40 115 11
3 9 25
3 112 9
3 51 6
3 54 2
3 57 17
49 101 6
49 50 10
49 44 4
49 96 2
49 100 10
96 22 16
96 139 15
13 119 12
13 57 12
13 19 13
13 93 17
32 113 16
32 12 19
161 198 17
161 112 15
161 45 23
141 151 15
141 22 15
141 131 22
2 22 7
2 151 2
2 56 16
22 198 7
22 142 25
71 157 16
71 51 17
71 35 4
71 188 11
169 144 3
54 67 17
54 173 7
54 163 13
54 112 21
148 47 7
148 186 16
148 163 10
148 185 17
148 108 19
48 174 24
48 51 16
48 167 14
48 139 8
48 44 15
174 189 4
174 144 6
174 101 6
174 52 19
62 8 5
62 44 1
115 159 15
115 145 2
198 100 19
198 189 25
198 170 19
173 29 20
173 8 11
47 165 23
157 159 8
157 42 4
9 57 7
74 52 24
74 142 16
74 137 19
109 144 12
109 151 1
109 160 11
109 119 1
144 159 19
144 67 6
93 42 4
93 142 17
93 131 11
67 119 19
67 167 14
145 50 25
42 185 2
42 50 25
42 151 8
12 131 20
12 139 20
63 139 4
100 163 14
191 137 25
191 170 9
191 119 5
35 50 19
50 19 5
50 119 10
29 165 21
29 52 17
29 56 6
29 46 12
64 102 9
45 46 11
113 168 8
113 163 5
52 102 18
167 137 24
151 44 11
119 186 17
119 102 2
101 188 15
160 185 14
56 8 8
108 140 15
168 19 14
186 140 8
140 170 20
185 188 5
19 44 10
8 170 12
1 133 97
3 110 137
3 177 14
10 45 15
13 34 127
14 17 39
15 32 166
16 131 99
17 28 117
19 176 61
21 39 26
23 125 180
24 182 100
25 116 107
26 10 9
26 159 178
35 154 2
35 33 40
37 97 25
40 104 128
42 16 107
45 194 127
46 24 158
47 63 143
48 27 35
54 51 31
54 93 158
57 89 127
63 166 183
66 50 165
68 25 64
68 95 43
69 165 156
70 78 150
71 192 164
71 44 41
73 197 48
77 108 25
77 193 12
80 1 103
81 43 180
82 187 21
85 86 80
86 5 188
90 190 163
92 92 44
94 172 76
95 196 39
96 55 29
99 99 96
