50 607 6 6
9 18 8 6 19 13
0 2 8
0 6 7
0 8 9
0 9 11
0 13 11
0 14 6
0 15 7
0 16 5
0 18 6
0 19 11
0 21 6
0 27 9
0 29 10
0 30 8
0 32 6
0 37 2
0 40 10
0 44 10
0 46 3
0 48 1
0 49 3
1 5 10
1 6 2
1 7 9
1 8 1
1 9 5
1 11 6
1 12 6
1 17 6
1 18 4
1 22 9
1 23 2
1 24 11
1 29 8
1 30 2
1 32 6
1 36 8
1 38 2
1 39 2
1 42 3
1 44 4
1 47 3
1 48 2
1 49 2
2 4 2
2 7 8
2 8 7
2 11 7
2 12 1
2 13 5
2 15 5
2 17 4
2 20 5
2 23 9
2 24 11
2 26 7
2 27 5
2 28 7
2 33 6
2 34 11
2 35 6
2 36 7
2 37 4
2 38 3
2 39 1
2 43 11
2 44 6
2 45 7
2 46 6
3 4 9
3 5 7
3 6 7
3 7 9
3 9 5
3 11 10
3 12 4
3 15 10
3 18 7
3 19 1
3 20 9
3 21 9
3 28 6
3 30 2
3 34 8
3 35 5
3 36 6
3 38 11
3 40 10
3 46 10
3 47 7
3 48 1
4 8 2
4 10 5
4 11 11
4 16 6
4 17 2
4 19 8
4 20 4
4 23 10
4 24 4
4 25 7
4 28 7
4 29 2
4 31 5
4 32 3
4 33 9
4 35 11
4 38 11
4 41 3
4 43 6
4 49 7
5 7 11
5 12 8
5 15 11
5 16 5
5 17 1
5 19 9
5 20 5
5 22 1
5 23 1
5 24 1
5 25 5
5 26 2
5 31 4
5 32 6
5 34 4
5 35 6
5 36 10
5 38 9
5 40 4
5 41 4
5 42 3
5 43 1
5 46 11
5 47 4
5 49 5
6 11 10
6 15 5
6 16 10
6 17 2
6 21 9
6 22 9
6 27 3
6 29 1
6 30 6
6 32 4
6 38 3
6 40 3
6 41 1
6 43 3
6 44 11
6 45 8
6 49 5
7 12 2
7 13 6
7 16 3
7 17 11
7 18 3
7 20 6
7 21 6
7 22 11
7 23 10
7 25 7
7 28 11
7 34 6
7 37 11
7 39 1
7 40 5
7 44 2
7 47 11
7 48 6
8 10 6
8 13 2
8 15 8
8 16 4
8 18 9
8 21 4
8 25 3
8 27 11
8 28 7
8 29 8
8 30 3
8 32 6
8 33 3
8 35 9
8 37 5
8 39 1
8 42 1
8 43 8
8 44 4
8 45 1
8 47 9
8 48 10
9 10 3
9 11 1
9 13 4
9 14 7
9 15 5
9 16 8
9 17 6
9 25 5
9 29 7
9 30 6
9 31 4
9 34 7
9 41 2
9 43 10
9 45 11
9 48 3
10 13 4
10 14 11
10 15 6
10 17 6
10 21 8
10 22 1
10 23 7
10 24 4
10 25 2
10 27 10
10 29 3
10 32 3
10 33 9
10 35 1
10 36 11
10 37 11
10 38 8
10 40 2
10 41 6
10 44 2
10 46 5
10 48 3
11 13 6
11 16 1
11 18 3
11 23 4
11 25 2
11 29 5
11 30 10
11 31 5
11 32 6
11 34 8
11 35 4
11 37 5
11 41 9
11 42 1
11 45 8
11 46 11
11 49 2
12 13 8
12 16 11
12 18 5
12 19 1
12 20 3
12 22 8
12 24 11
12 25 2
12 28 2
12 30 4
12 31 10
12 35 9
12 38 6
12 39 9
12 40 2
12 41 3
12 42 4
12 43 10
12 44 7
12 45 2
12 46 3
12 49 6
13 15 7
13 16 6
13 17 2
13 19 2
13 21 4
13 24 5
13 25 11
13 26 6
13 27 6
13 29 11
13 32 9
13 36 3
13 37 1
13 39 7
13 40 5
13 43 1
13 45 3
13 49 5
14 18 5
14 19 2
14 20 11
14 21 5
14 23 1
14 24 5
14 25 11
14 26 9
14 30 3
14 31 8
14 33 3
14 34 6
14 38 1
14 39 5
14 41 4
14 43 4
14 45 5
14 46 9
14 47 8
14 49 1
15 21 1
15 24 8
15 27 6
15 32 6
15 35 11
15 37 5
15 38 3
15 39 4
15 41 7
15 43 7
15 46 2
15 49 6
16 18 9
16 19 2
16 26 11
16 27 6
16 28 8
16 31 10
16 32 8
16 34 7
16 35 9
16 37 6
16 40 5
16 41 1
16 42 10
16 45 10
16 46 6
16 48 11
17 18 4
17 25 4
17 26 4
17 28 6
17 29 11
17 30 4
17 31 10
17 32 11
17 33 8
17 34 3
17 35 5
17 37 10
17 38 1
17 39 2
17 41 11
17 42 4
17 43 1
17 45 11
17 46 11
17 47 11
17 48 7
17 49 7
18 19 7
18 20 3
18 21 8
18 24 8
18 27 11
18 30 10
18 32 3
18 35 6
18 36 2
18 42 11
18 45 3
18 47 3
18 48 4
18 49 9
19 21 5
19 23 9
19 24 11
19 25 1
19 27 4
19 29 5
19 30 5
19 31 1
19 34 8
19 35 2
19 36 5
19 38 8
19 42 1
19 43 7
19 46 5
19 47 4
19 48 8
20 21 7
20 22 9
20 24 5
20 25 8
20 26 10
20 33 5
20 34 2
20 35 7
20 37 1
20 41 9
20 42 8
20 44 5
20 45 7
20 47 4
20 48 3
21 22 1
21 24 6
21 26 9
21 27 3
21 28 2
21 30 3
21 31 10
21 33 10
21 34 1
21 36 6
21 37 7
21 40 4
21 43 9
21 49 11
22 24 7
22 28 3
22 31 3
22 33 10
22 36 8
22 37 10
22 40 11
22 43 3
22 46 2
22 48 8
22 49 4
23 25 3
23 26 11
23 27 11
23 29 7
23 32 8
23 34 7
23 37 2
23 41 11
23 43 4
23 45 2
23 46 2
23 47 8
23 48 5
24 25 4
24 27 1
24 28 10
24 30 4
24 31 8
24 32 2
24 34 7
24 35 5
24 38 3
24 40 9
24 41 8
24 42 7
24 46 10
24 48 8
25 26 4
25 27 10
25 28 8
25 33 11
25 34 10
25 35 1
25 37 4
25 38 1
25 39 5
25 41 7
25 42 3
25 43 4
25 44 11
25 45 1
25 46 2
25 47 6
25 49 2
26 27 4
26 29 11
26 32 6
26 33 8
26 34 5
26 36 8
26 38 11
26 39 3
26 40 6
26 42 11
26 43 8
26 46 4
26 47 5
26 48 8
27 28 5
27 30 3
27 31 10
27 32 2
27 33 2
27 35 4
27 37 6
27 38 2
27 40 6
27 41 3
27 43 7
27 44 7
27 46 8
27 47 2
28 31 3
28 33 3
28 34 7
28 36 5
28 39 3
28 40 10
28 41 5
28 46 9
28 48 6
28 49 1
29 34 11
29 35 1
29 39 11
29 40 10
29 43 5
29 46 3
29 48 2
29 49 11
30 33 3
30 34 3
30 35 4
30 36 9
30 38 9
30 39 6
30 43 4
30 44 6
30 48 2
30 49 8
31 33 7
31 35 10
31 38 4
31 41 10
31 45 4
31 47 10
32 33 1
32 35 6
32 37 2
32 39 3
32 40 3
32 42 11
32 44 8
32 45 5
32 46 1
32 47 3
32 48 11
33 35 4
33 36 5
33 41 6
33 42 3
33 45 3
33 46 11
34 35 1
34 40 3
34 41 4
34 45 4
34 48 5
35 36 9
35 39 4
35 40 11
35 43 4
35 45 3
35 46 7
35 47 5
36 39 11
36 40 11
36 43 3
36 44 6
36 46 7
36 48 6
36 49 6
37 44 3
37 45 4
37 46 9
37 49 2
38 44 1
38 45 6
38 47 4
38 48 6
38 49 6
39 44 3
39 45 1
39 47 1
40 43 2
40 44 4
40 45 6
40 49 3
41 46 7
41 48 10
41 49 11
42 44 5
42 46 3
42 47 6
42 48 9
42 49 9
43 45 4
43 47 5
43 49 1
44 47 7
44 48 10
45 46 2
45 48 5
46 47 4
46 48 10
46 49 6
47 48 9
48 49 6
1 24 0
13 17 41
44 22 0
62 33 35
82 44 37
96 11 6
