50 237 17 24
26 15 14 31 49 25 34 45 1 48 0 30 2 20 16 28 24 9 30 20 33 39 35 9
0 3 8
0 8 7
0 9 3
0 14 4
0 22 14
0 36 7
0 41 6
0 42 2
1 11 8
1 16 13
1 21 5
1 27 5
1 28 8
1 47 14
1 48 9
2 14 12
2 15 12
2 21 3
2 22 11
2 32 12
2 34 6
2 37 2
2 44 6
2 48 7
3 6 2
3 9 10
3 15 3
3 26 8
3 30 7
3 39 9
3 43 7
4 5 4
4 13 2
4 17 5
4 28 11
4 42 11
4 45 7
4 49 1
5 7 13
5 10 10
5 16 2
5 17 3
5 18 2
5 19 8
5 20 5
5 21 3
5 23 5
5 24 5
5 27 3
5 28 8
5 31 5
5 36 12
5 46 14
5 48 5
6 8 4
6 9 14
6 12 9
6 18 2
6 19 8
6 31 2
6 33 1
6 34 12
6 44 14
6 45 9
7 9 6
7 13 5
7 15 7
7 28 7
7 33 4
8 27 1
8 29 7
8 30 7
8 33 7
8 36 4
8 37 7
8 43 5
8 45 12
9 10 11
9 13 13
9 14 6
9 26 5
9 37 13
9 38 14
9 45 13
10 17 13
10 18 7
10 20 1
10 31 7
10 32 12
10 34 4
10 35 6
10 37 6
10 39 9
10 44 14
10 46 4
10 47 7
10 48 2
11 19 6
11 24 11
11 26 11
11 27 5
11 29 13
11 33 2
11 39 7
11 43 7
12 13 14
12 20 9
12 29 3
12 30 3
12 34 13
12 37 13
13 21 13
13 23 11
13 25 6
13 32 2
14 21 12
14 23 12
14 30 11
14 34 6
14 39 8
14 43 8
14 46 10
15 25 8
15 31 6
15 38 14
15 41 13
15 42 13
15 46 7
15 49 6
16 17 10
16 23 9
16 28 1
16 31 14
16 45 9
17 25 12
17 29 2
17 33 14
17 34 2
17 42 7
17 45 3
18 29 10
18 31 6
18 43 6
19 22 10
19 31 9
19 38 3
19 40 5
20 21 7
20 25 10
20 26 11
20 27 10
20 42 12
20 43 5
20 49 10
21 22 13
21 37 3
21 40 10
21 44 5
21 45 11
22 24 2
22 26 14
22 37 12
22 38 1
22 45 9
22 47 10
22 48 12
23 29 2
23 31 7
23 32 10
23 41 10
23 49 12
24 27 4
24 33 5
24 35 2
24 36 6
24 37 14
24 49 8
25 37 14
25 44 8
25 47 12
26 28 2
26 34 8
26 42 2
26 46 1
26 47 8
26 48 12
27 29 9
27 31 9
27 39 10
27 45 2
27 46 8
28 31 6
28 35 13
28 38 11
28 45 10
28 48 2
29 31 2
29 32 14
29 36 7
29 43 10
30 36 11
30 40 12
30 43 6
31 37 13
31 44 8
31 46 13
33 36 3
33 44 8
33 45 13
33 46 6
33 47 9
33 49 9
34 39 10
34 44 3
34 48 2
35 36 10
35 37 2
35 38 4
35 45 7
35 48 11
36 38 10
37 43 3
37 46 12
37 48 4
38 39 7
38 41 10
39 44 5
39 47 14
39 48 2
40 46 14
40 48 2
40 49 9
41 42 9
41 49 3
43 45 2
44 47 9
45 49 9
3 22 9
6 0 25
8 18 34
17 39 18
18 34 33
26 25 15
47 38 15
47 36 7
70 41 12
72 15 28
74 32 39
83 13 16
83 12 11
84 24 17
84 17 0
95 26 42
100 10 9
